dom_dim 0
amb_dim 3
vertex_count 642
simplex_count 642
0. 0. -1.
0. 0. 1.
-0.8944271909999157 0. -0.44721359549995787
0.8944271909999157 0. 0.44721359549995787
0.7236067977499789 -0.5257311121191336 -0.447213595499958
0.7236067977499789 0.5257311121191336 -0.447213595499958
-0.7236067977499789 -0.5257311121191336 0.447213595499958
-0.7236067977499789 0.5257311121191336 0.447213595499958
-0.276393202250021 -0.8506508083520399 -0.44721359549995787
-0.276393202250021 0.8506508083520399 -0.44721359549995787
0.27639320225002095 -0.8506508083520399 0.44721359549995787
0.27639320225002095 0.8506508083520399 0.44721359549995787
-0.5257311121191336 0. -0.8506508083520398
0.4253254041760199 -0.30901699437494745 -0.8506508083520398
0.4253254041760199 0.30901699437494745 -0.8506508083520398
-0.1624598481164532 -0.5 -0.85065080835204
-0.1624598481164532 0.5 -0.85065080835204
0.5257311121191336 0. 0.8506508083520398
-0.4253254041760199 -0.30901699437494745 0.8506508083520398
-0.4253254041760199 0.30901699437494745 0.8506508083520398
0.1624598481164532 -0.5 0.85065080835204
0.1624598481164532 0.5 0.85065080835204
-0.9510565162951534 -0.3090169943749474 0.
-0.9510565162951534 0.3090169943749474 0.
-0.6881909602355868 -0.5 -0.5257311121191335
-0.6881909602355868 0.5 -0.5257311121191335
0.9510565162951534 -0.3090169943749474 0.
0.9510565162951534 0.3090169943749474 0.
0.6881909602355868 -0.5 0.5257311121191335
0.6881909602355868 0.5 0.5257311121191335
0.85065080835204 0. -0.5257311121191337
0.26286555605956674 -0.8090169943749473 -0.5257311121191335
0.587785252292473 -0.8090169943749473 0.
0.26286555605956674 0.8090169943749473 -0.5257311121191335
0.587785252292473 0.8090169943749473 0.
-0.85065080835204 0. 0.5257311121191337
-0.587785252292473 -0.8090169943749473 0.
-0.26286555605956674 -0.8090169943749473 0.5257311121191335
-0.587785252292473 0.8090169943749473 0.
-0.26286555605956674 0.8090169943749473 0.5257311121191335
0. -1. 0.
0. 1. 0.
-0.25140935155735383 0. -0.9678808490457443
0.20339443795468484 -0.14777470913382626 -0.9678808490457443
0.20339443795468484 0.14777470913382626 -0.9678808490457443
-0.077689762176008 -0.23910450205616043 -0.9678808490457443
-0.077689762176008 0.23910450205616043 -0.9678808490457443
0.25140935155735383 0. 0.9678808490457443
-0.20339443795468484 -0.14777470913382626 0.9678808490457443
-0.20339443795468484 0.14777470913382626 0.9678808490457443
0.077689762176008 -0.23910450205616043 0.9678808490457443
0.077689762176008 0.23910450205616043 0.9678808490457443
-0.7532652689823216 0. -0.6577168346218536
-0.9566597069370064 -0.14777470913382626 -0.25092795871248386
-0.9566597069370064 0.14777470913382626 -0.25092795871248386
-0.8309550311583296 -0.23910450205616046 -0.5023373102698376
-0.8309550311583296 0.23910450205616046 -0.5023373102698376
0.7532652689823216 0. 0.6577168346218536
0.9566597069370064 -0.14777470913382626 0.25092795871248386
0.9566597069370064 0.14777470913382626 0.25092795871248386
0.8309550311583296 -0.23910450205616046 0.5023373102698376
0.8309550311583296 0.23910450205616046 0.5023373102698376
0.609404403879114 -0.44275821617193156 -0.6577168346218537
0.8608137554364679 -0.44275821617193145 -0.25092795871248386
0.8127988418337989 -0.29498350703810516 -0.5023373102698377
0.5317146417031061 -0.681862718228092 -0.5023373102698376
0.687094166055122 -0.681862718228092 -0.25092795871248386
0.609404403879114 0.44275821617193156 -0.6577168346218537
0.8608137554364679 0.44275821617193145 -0.25092795871248386
0.8127988418337989 0.29498350703810516 -0.5023373102698377
0.5317146417031061 0.681862718228092 -0.5023373102698376
0.687094166055122 0.681862718228092 -0.25092795871248386
-0.609404403879114 -0.44275821617193156 0.6577168346218537
-0.8608137554364679 -0.44275821617193145 0.25092795871248386
-0.8127988418337989 -0.29498350703810516 0.5023373102698377
-0.687094166055122 -0.681862718228092 0.25092795871248386
-0.5317146417031061 -0.681862718228092 0.5023373102698376
-0.609404403879114 0.44275821617193156 0.6577168346218537
-0.8608137554364679 0.44275821617193145 0.25092795871248386
-0.8127988418337989 0.29498350703810516 0.5023373102698377
-0.687094166055122 0.681862718228092 0.25092795871248386
-0.5317146417031061 0.681862718228092 0.5023373102698376
-0.2327717693879533 -0.7163978425644586 -0.6577168346218536
-0.4841811209453071 -0.7163978425644586 -0.5023373102698376
-0.02937733143326843 -0.8641725516982849 -0.5023373102698376
-0.4361662073426381 -0.8641725516982849 -0.25092795871248386
-0.15508200721194532 -0.9555023446206189 -0.2509279587124838
-0.2327717693879533 0.7163978425644586 -0.6577168346218536
-0.4841811209453071 0.7163978425644586 -0.5023373102698376
-0.02937733143326843 0.8641725516982849 -0.5023373102698376
-0.4361662073426381 0.8641725516982849 -0.25092795871248386
-0.15508200721194532 0.9555023446206189 -0.2509279587124838
0.2327717693879533 -0.7163978425644586 0.6577168346218536
0.4841811209453071 -0.7163978425644586 0.5023373102698376
0.4361662073426381 -0.8641725516982849 0.25092795871248386
0.029377331433268424 -0.8641725516982849 0.5023373102698376
0.15508200721194532 -0.9555023446206189 0.25092795871248386
0.2327717693879533 0.7163978425644586 0.6577168346218536
0.4841811209453071 0.7163978425644586 0.5023373102698376
0.4361662073426381 0.8641725516982849 0.25092795871248386
0.029377331433268424 0.8641725516982849 0.5023373102698376
0.15508200721194532 0.9555023446206189 0.25092795871248386
-0.3687222176128064 -0.2678923721161511 -0.8900997714867003
-0.3687222176128064 0.2678923721161511 -0.8900997714867003
-0.6312318496411754 -0.267892372116151 -0.7278598965189401
-0.6312318496411754 0.267892372116151 -0.7278598965189401
0.45576572578389873 0. -0.8900997714867003
0.14083935472085687 -0.4334589634107671 -0.8900997714867003
0.6681404792819634 -0.15429929029099923 -0.7278598965189402
0.35321410821892146 -0.5877582537017663 -0.7278598965189401
0.14083935472085687 0.4334589634107671 -0.8900997714867003
0.6681404792819634 0.15429929029099923 -0.7278598965189402
0.35321410821892146 0.5877582537017663 -0.7278598965189401
-0.4498421550966863 -0.5175538682469745 -0.7278598965189401
0.059719417236976824 -0.6831204595415903 -0.7278598965189401
-0.4498421550966863 0.5175538682469745 -0.7278598965189401
0.059719417236976824 0.6831204595415903 -0.7278598965189401
0.3687222176128064 -0.2678923721161511 0.8900997714867003
0.3687222176128064 0.2678923721161511 0.8900997714867003
0.6312318496411754 -0.267892372116151 0.7278598965189401
0.6312318496411754 0.267892372116151 0.7278598965189401
-0.45576572578389873 0. 0.8900997714867003
-0.14083935472085687 -0.4334589634107671 0.8900997714867003
-0.6681404792819634 -0.15429929029099923 0.7278598965189402
-0.35321410821892146 -0.5877582537017663 0.7278598965189401
-0.14083935472085687 0.4334589634107671 0.8900997714867003
-0.6681404792819634 0.15429929029099923 0.7278598965189402
-0.35321410821892146 0.5877582537017663 0.7278598965189401
0.4498421550966863 -0.5175538682469745 0.7278598965189401
-0.059719417236976824 -0.6831204595415903 0.7278598965189401
0.4498421550966863 0.5175538682469745 0.7278598965189401
-0.059719417236976824 0.6831204595415903 0.7278598965189401
-0.9999540672539816 0. 0.009584538706672344
-0.8591147125331248 -0.433458963410767 -0.2720941707350414
-0.9498191887236771 -0.1542992902909992 0.2720941707350415
-0.8089798340028203 -0.5877582537017664 -0.009584538706672325
-0.8591147125331248 0.433458963410767 -0.2720941707350414
-0.9498191887236771 0.1542992902909992 0.2720941707350415
-0.8089798340028203 0.5877582537017664 -0.009584538706672325
-0.6777250179886357 -0.6831204595415905 -0.2720941707350415
-0.6777250179886357 0.6831204595415905 -0.2720941707350415
0.9999540672539816 0. -0.009584538706672344
0.8591147125331248 -0.433458963410767 0.2720941707350414
0.9498191887236771 -0.1542992902909992 -0.2720941707350415
0.8089798340028203 -0.5877582537017664 0.009584538706672325
0.8591147125331248 0.433458963410767 0.2720941707350414
0.9498191887236771 0.1542992902909992 -0.2720941707350415
0.8089798340028203 0.5877582537017664 0.009584538706672325
0.6777250179886357 -0.6831204595415905 0.2720941707350415
0.6777250179886357 0.6831204595415905 0.2720941707350415
0.440257616390014 -0.8556506258179173 -0.2720941707350414
0.14676292540806934 -0.9510128316577415 -0.2720941707350414
0.3090028003758294 -0.9510128316577415 -0.009584538706672332
0.440257616390014 0.8556506258179173 -0.2720941707350414
0.14676292540806934 0.9510128316577415 -0.2720941707350414
0.3090028003758294 0.9510128316577415 -0.009584538706672332
-0.440257616390014 -0.8556506258179173 0.2720941707350414
-0.3090028003758294 -0.9510128316577415 0.009584538706672332
-0.14676292540806934 -0.9510128316577415 0.2720941707350414
-0.440257616390014 0.8556506258179173 0.2720941707350414
-0.3090028003758294 0.9510128316577415 0.009584538706672332
-0.14676292540806934 0.9510128316577415 0.2720941707350414
-0.11632032533233934 0. -0.9932117507936455
0.09410511998508521 -0.06837137177221161 -0.9932117507936455
0.09410511998508521 0.06837137177221161 -0.9932117507936455
-0.03594495731891557 -0.11062720338489353 -0.9932117507936455
-0.03594495731891557 0.11062720338489353 -0.9932117507936455
0.11632032533233934 0. 0.9932117507936455
-0.09410511998508521 -0.06837137177221161 0.9932117507936455
-0.09410511998508521 0.06837137177221161 0.9932117507936455
0.03594495731891557 -0.11062720338489353 0.9932117507936455
0.03594495731891557 0.11062720338489353 0.9932117507936455
-0.8363355654088686 0. -0.5482178600084351
-0.9304406853939536 -0.06837137177221161 -0.36000762003826453
-0.9304406853939536 0.06837137177221161 -0.36000762003826453
-0.8722805227277841 -0.11062720338489353 -0.4763279453706039
-0.8722805227277841 0.11062720338489353 -0.4763279453706039
0.8363355654088686 0. 0.5482178600084351
0.9304406853939536 -0.06837137177221161 0.36000762003826453
0.9304406853939536 0.06837137177221161 0.36000762003826453
0.8722805227277841 -0.11062720338489353 0.4763279453706039
0.8722805227277841 0.11062720338489353 0.4763279453706039
0.676609685415955 -0.4915857113150199 -0.5482178600084351
0.7929300107482945 -0.49158571131501994 -0.36000762003826464
0.7707148054010403 -0.42321433954280824 -0.47632794537060397
0.6406647280970394 -0.6022129146999134 -0.47632794537060386
0.7125546427348706 -0.6022129146999136 -0.36000762003826464
0.676609685415955 0.4915857113150199 -0.5482178600084351
0.7929300107482945 0.49158571131501994 -0.36000762003826464
0.7707148054010403 0.42321433954280824 -0.47632794537060397
0.6406647280970394 0.6022129146999134 -0.47632794537060386
0.7125546427348706 0.6022129146999136 -0.36000762003826464
-0.676609685415955 -0.4915857113150199 0.5482178600084351
-0.7929300107482945 -0.49158571131501994 0.36000762003826464
-0.7707148054010403 -0.42321433954280824 0.47632794537060397
-0.7125546427348706 -0.6022129146999136 0.36000762003826464
-0.6406647280970394 -0.6022129146999134 0.47632794537060386
-0.676609685415955 0.4915857113150199 0.5482178600084351
-0.7929300107482945 0.49158571131501994 0.36000762003826464
-0.7707148054010403 0.42321433954280824 0.47632794537060397
-0.7125546427348706 0.6022129146999136 0.36000762003826464
-0.6406647280970394 0.6022129146999134 0.47632794537060386
-0.2584419027115208 -0.7954023892914961 -0.548217860008435
-0.3747622280438601 -0.7954023892914961 -0.47632794537060386
-0.16433678272643562 -0.8637737610637077 -0.4763279453706039
-0.35254702269660604 -0.8637737610637077 -0.3600076200382646
-0.22249694539260526 -0.9060295926763896 -0.3600076200382646
-0.2584419027115208 0.7954023892914961 -0.548217860008435
-0.3747622280438601 0.7954023892914961 -0.47632794537060386
-0.16433678272643562 0.8637737610637077 -0.4763279453706039
-0.35254702269660604 0.8637737610637077 -0.3600076200382646
-0.22249694539260526 0.9060295926763896 -0.3600076200382646
0.2584419027115208 -0.7954023892914961 0.548217860008435
0.37476222804386006 -0.7954023892914961 0.47632794537060386
0.35254702269660604 -0.8637737610637077 0.3600076200382646
0.16433678272643562 -0.8637737610637077 0.4763279453706039
0.22249694539260526 -0.9060295926763896 0.3600076200382646
0.2584419027115208 0.7954023892914961 0.548217860008435
0.37476222804386006 0.7954023892914961 0.47632794537060386
0.35254702269660604 0.8637737610637077 0.3600076200382646
0.16433678272643562 0.8637737610637077 0.4763279453706039
0.22249694539260526 0.9060295926763896 0.3600076200382646
-0.391454395426591 0. -0.920197509397413
-0.6479859458424589 0. -0.7616522920536993
-0.45432149778643244 -0.1366370507374784 -0.8802967073747672
-0.45432149778643244 0.1366370507374784 -0.8802967073747672
-0.5841825606856915 -0.1366370507374784 -0.8000381566878371
-0.5841825606856915 0.1366370507374784 -0.8000381566878371
0.31669325842288265 -0.2300911205768163 -0.920197509397413
0.5242316423026734 -0.3808765826589865 -0.7616522920536996
0.44786705595933196 -0.15650178009040047 -0.8802967073747672
0.2872405692788756 -0.3775851723061844 -0.8802967073747672
0.5529268627524264 -0.23283219770961014 -0.8000381566878371
0.39230037607197016 -0.45391558992539405 -0.8000381566878371
0.31669325842288265 0.2300911205768163 -0.920197509397413
0.5242316423026734 0.3808765826589865 -0.7616522920536996
0.44786705595933196 0.15650178009040047 -0.8802967073747672
0.2872405692788756 0.3775851723061844 -0.8802967073747672
0.5529268627524264 0.23283219770961014 -0.8000381566878371
0.39230037607197016 0.45391558992539405 -0.8000381566878371
-0.1209660607095873 -0.3722952536028391 -0.920197509397413
-0.2002386693814441 -0.616271256261149 -0.7616522920536994
-0.270342621197118 -0.38986225022360793 -0.8802967073747672
-0.01044350625465734 -0.4743085917019134 -0.8802967073747672
-0.31047189654058305 -0.513367460306963 -0.8000381566878371
-0.05057278159812236 -0.5978138017852686 -0.8000381566878371
-0.1209660607095873 0.3722952536028391 -0.920197509397413
-0.2002386693814441 0.616271256261149 -0.7616522920536994
-0.270342621197118 0.38986225022360793 -0.8802967073747672
-0.01044350625465734 0.4743085917019134 -0.8802967073747672
-0.31047189654058305 0.513367460306963 -0.8000381566878371
-0.05057278159812236 0.5978138017852686 -0.8000381566878371
0.391454395426591 0. 0.920197509397413
0.6479859458424589 0. 0.7616522920536993
0.45432149778643244 -0.1366370507374784 0.8802967073747672
0.45432149778643244 0.1366370507374784 0.8802967073747672
0.5841825606856915 -0.1366370507374784 0.8000381566878371
0.5841825606856915 0.1366370507374784 0.8000381566878371
-0.31669325842288265 -0.2300911205768163 0.920197509397413
-0.5242316423026734 -0.3808765826589865 0.7616522920536996
-0.44786705595933196 -0.15650178009040047 0.8802967073747672
-0.2872405692788756 -0.3775851723061844 0.8802967073747672
-0.5529268627524264 -0.23283219770961014 0.8000381566878371
-0.39230037607197016 -0.45391558992539405 0.8000381566878371
-0.31669325842288265 0.2300911205768163 0.920197509397413
-0.5242316423026734 0.3808765826589865 0.7616522920536996
-0.44786705595933196 0.15650178009040047 0.8802967073747672
-0.2872405692788756 0.3775851723061844 0.8802967073747672
-0.5529268627524264 0.23283219770961014 0.8000381566878371
-0.39230037607197016 0.45391558992539405 0.8000381566878371
0.1209660607095873 -0.3722952536028391 0.920197509397413
0.2002386693814441 -0.616271256261149 0.7616522920536994
0.270342621197118 -0.38986225022360793 0.8802967073747672
0.01044350625465734 -0.4743085917019134 0.8802967073747672
0.31047189654058305 -0.513367460306963 0.8000381566878371
0.05057278159812236 -0.5978138017852686 0.8000381566878371
0.1209660607095873 0.3722952536028391 0.920197509397413
0.2002386693814441 0.616271256261149 0.7616522920536994
0.270342621197118 0.38986225022360793 0.8802967073747672
0.01044350625465734 0.4743085917019134 0.8802967073747672
0.31047189654058305 0.513367460306963 0.8000381566878371
0.05057278159812236 0.5978138017852686 0.8000381566878371
-0.9646792042653416 -0.23009112057681627 -0.12826577520793392
-0.9156860377292644 -0.3808765826589865 0.12826577520793395
-0.9876535476252417 -0.15650178009040044 0.006903817191263469
-0.9158191989843488 -0.3775851723061843 -0.1367648800905225
-0.9628522915190771 -0.23283219770961017 0.1367648800905225
-0.8910179428781841 -0.45391558992539405 -0.006903817191263448
-0.9646792042653416 0.23009112057681627 -0.12826577520793392
-0.9156860377292644 0.3808765826589865 0.12826577520793395
-0.9876535476252417 0.15650178009040044 0.006903817191263469
-0.9158191989843488 0.3775851723061843 -0.1367648800905225
-0.9628522915190771 0.23283219770961017 0.1367648800905225
-0.8910179428781841 0.45391558992539405 -0.006903817191263448
-0.7689520065520461 -0.3722952536028391 -0.5197201706345249
-0.591693064808035 -0.616271256261149 -0.5197201706345249
-0.6664604155812417 -0.38986225022360793 -0.6354824468967365
-0.5767286280254477 -0.5133674603069631 -0.6354824468967366
-0.7826908332419165 -0.4743085917019135 -0.40302161157538713
-0.6929590456861223 -0.5978138017852686 -0.4030216115753871
-0.7689520065520461 0.3722952536028391 -0.5197201706345249
-0.591693064808035 0.616271256261149 -0.5197201706345249
-0.6664604155812417 0.38986225022360793 -0.6354824468967365
-0.5767286280254477 0.5133674603069631 -0.6354824468967366
-0.7826908332419165 0.4743085917019135 -0.40302161157538713
-0.6929590456861223 0.5978138017852686 -0.4030216115753871
0.9646792042653416 -0.23009112057681627 0.12826577520793392
0.9156860377292644 -0.3808765826589865 -0.12826577520793395
0.9876535476252417 -0.15650178009040044 -0.006903817191263469
0.9158191989843488 -0.3775851723061843 0.1367648800905225
0.9628522915190771 -0.23283219770961017 -0.1367648800905225
0.8910179428781841 -0.45391558992539405 0.006903817191263448
0.9646792042653416 0.23009112057681627 0.12826577520793392
0.9156860377292644 0.3808765826589865 -0.12826577520793395
0.9876535476252417 0.15650178009040044 -0.006903817191263469
0.9158191989843488 0.3775851723061843 0.1367648800905225
0.9628522915190771 0.23283219770961017 -0.1367648800905225
0.8910179428781841 0.45391558992539405 0.006903817191263448
0.7689520065520461 -0.3722952536028391 0.5197201706345249
0.591693064808035 -0.616271256261149 0.5197201706345249
0.6664604155812417 -0.38986225022360793 0.6354824468967365
0.5767286280254477 -0.5133674603069631 0.6354824468967366
0.7826908332419165 -0.4743085917019135 0.40302161157538713
0.6929590456861223 -0.5978138017852686 0.4030216115753871
0.7689520065520461 0.3722952536028391 0.5197201706345249
0.591693064808035 0.616271256261149 0.5197201706345249
0.6664604155812417 0.38986225022360793 0.6354824468967365
0.5767286280254477 0.5133674603069631 0.6354824468967366
0.7826908332419165 0.4743085917019135 0.40302161157538713
0.6929590456861223 0.5978138017852686 0.4030216115753871
0.8409249007255563 -0.15078546208217022 -0.5197201706345249
0.8409249007255563 0.15078546208217022 -0.5197201706345249
0.7683330833904092 -0.07633041761920972 -0.6354824468967366
0.7683330833904092 0.07633041761920972 -0.6354824468967366
0.9120017806721952 -0.07633041761920971 -0.4030216115753872
0.9120017806721952 0.07633041761920971 -0.4030216115753872
0.4032655815930863 -0.7531718362618256 -0.5197201706345249
0.11645458904143868 -0.8463623768379652 -0.5197201706345249
0.31002252117641993 -0.7071407894115236 -0.6354824468967365
0.16483343903986034 -0.754315581875669 -0.6354824468967365
0.35441859019620153 -0.8437778401490019 -0.4030216115753871
0.209229508059642 -0.8909526326131474 -0.40302161157538713
0.6451977030122608 -0.7531718362618256 -0.12826577520793392
0.5169319278043268 -0.8463623768379652 0.12826577520793395
0.7070390662888697 -0.7071407894115236 0.006903817191263454
0.6421085348392404 -0.754315581875669 0.1367648800905225
0.518974299987302 -0.8437778401490019 -0.13676488009052248
0.45404376853767264 -0.8909526326131474 -0.0069038171912634535
0.4032655815930863 0.7531718362618256 -0.5197201706345249
0.11645458904143868 0.8463623768379652 -0.5197201706345249
0.31002252117641993 0.7071407894115236 -0.6354824468967365
0.16483343903986034 0.754315581875669 -0.6354824468967365
0.35441859019620153 0.8437778401490019 -0.4030216115753871
0.209229508059642 0.8909526326131474 -0.40302161157538713
0.6451977030122608 0.7531718362618256 -0.12826577520793392
0.5169319278043268 0.8463623768379652 0.12826577520793395
0.7070390662888697 0.7071407894115236 0.006903817191263454
0.6421085348392404 0.754315581875669 0.1367648800905225
0.518974299987302 0.8437778401490019 -0.13676488009052248
0.45404376853767264 0.8909526326131474 -0.0069038171912634535
-0.8409249007255563 -0.15078546208217022 0.5197201706345249
-0.8409249007255563 0.15078546208217022 0.5197201706345249
-0.7683330833904092 -0.07633041761920972 0.6354824468967366
-0.7683330833904092 0.07633041761920972 0.6354824468967366
-0.9120017806721952 -0.07633041761920971 0.4030216115753872
-0.9120017806721952 0.07633041761920971 0.4030216115753872
-0.6451977030122608 -0.7531718362618256 0.12826577520793392
-0.5169319278043268 -0.8463623768379652 -0.12826577520793395
-0.7070390662888697 -0.7071407894115236 -0.006903817191263454
-0.6421085348392404 -0.754315581875669 -0.1367648800905225
-0.518974299987302 -0.8437778401490019 0.13676488009052248
-0.45404376853767264 -0.8909526326131474 0.0069038171912634535
-0.4032655815930863 -0.7531718362618256 0.5197201706345249
-0.11645458904143868 -0.8463623768379652 0.5197201706345249
-0.31002252117641993 -0.7071407894115236 0.6354824468967365
-0.16483343903986034 -0.754315581875669 0.6354824468967365
-0.35441859019620153 -0.8437778401490019 0.4030216115753871
-0.209229508059642 -0.8909526326131474 0.40302161157538713
-0.6451977030122608 0.7531718362618256 0.12826577520793392
-0.5169319278043268 0.8463623768379652 -0.12826577520793395
-0.7070390662888697 0.7071407894115236 -0.006903817191263454
-0.6421085348392404 0.754315581875669 -0.1367648800905225
-0.518974299987302 0.8437778401490019 0.13676488009052248
-0.45404376853767264 0.8909526326131474 0.0069038171912634535
-0.4032655815930863 0.7531718362618256 0.5197201706345249
-0.11645458904143868 0.8463623768379652 0.5197201706345249
-0.31002252117641993 0.7071407894115236 0.6354824468967365
-0.16483343903986034 0.754315581875669 0.6354824468967365
-0.35441859019620153 0.8437778401490019 0.4030216115753871
-0.209229508059642 0.8909526326131474 0.40302161157538713
-0.07927260867185677 -0.988566509863988 -0.12826577520793392
0.07927260867185677 -0.988566509863988 0.12826577520793392
0.07610114231720966 -0.9876760520088764 -0.1367648800905225
0.15635969300413968 -0.9876760520088764 -0.00690381719126346
-0.15635969300413968 -0.9876760520088764 0.00690381719126346
-0.07610114231720966 -0.9876760520088764 0.1367648800905225
-0.07927260867185677 0.988566509863988 -0.12826577520793392
0.07927260867185677 0.988566509863988 0.12826577520793392
0.07610114231720966 0.9876760520088764 -0.1367648800905225
0.15635969300413968 0.9876760520088764 -0.00690381719126346
-0.15635969300413968 0.9876760520088764 0.00690381719126346
-0.07610114231720966 0.9876760520088764 0.1367648800905225
-0.17337401365437996 -0.12596359417088918 -0.9767674361550566
-0.17337401365437996 0.12596359417088918 -0.9767674361550566
-0.31460420868430494 -0.13310298456620057 -0.9398445549013368
-0.31460420868430494 0.13310298456620057 -0.9398445549013368
0.21430206640879032 0. -0.9767674361550566
0.06622298044998474 -0.20381337671359676 -0.9767674361550566
0.3327561226916105 -0.07723713765769546 -0.939844554901337
0.1762841799633598 -0.2926022906898607 -0.939844554901337
0.06622298044998474 0.20381337671359676 -0.9767674361550566
0.3327561226916105 0.07723713765769546 -0.939844554901337
0.1762841799633598 0.2926022906898607 -0.939844554901337
-0.223806507795351 -0.2580752984901063 -0.939844554901337
0.029370413824685627 -0.34033746695607087 -0.9398445549013368
-0.223806507795351 0.2580752984901063 -0.939844554901337
0.029370413824685627 0.34033746695607087 -0.9398445549013368
0.17337401365437996 -0.12596359417088918 0.9767674361550566
0.17337401365437996 0.12596359417088918 0.9767674361550566
0.31460420868430494 -0.13310298456620057 0.9398445549013368
0.31460420868430494 0.13310298456620057 0.9398445549013368
-0.21430206640879032 0. 0.9767674361550566
-0.06622298044998474 -0.20381337671359676 0.9767674361550566
-0.3327561226916105 -0.07723713765769546 0.939844554901337
-0.1762841799633598 -0.2926022906898607 0.939844554901337
-0.06622298044998474 0.20381337671359676 0.9767674361550566
-0.3327561226916105 0.07723713765769546 0.939844554901337
-0.1762841799633598 0.2926022906898607 0.939844554901337
0.223806507795351 -0.2580752984901063 0.939844554901337
-0.029370413824685627 -0.34033746695607087 0.9398445549013368
0.223806507795351 0.2580752984901063 0.939844554901337
-0.029370413824685627 0.34033746695607087 0.9398445549013368
-0.7961121381677229 -0.12596359417088915 -0.5918941091154464
-0.7961121381677229 0.12596359417088915 -0.5918941091154464
-0.699927245891842 -0.1331029845662006 -0.7017018212587388
-0.699927245891842 0.1331029845662006 -0.7017018212587388
-0.9694861518221027 0. -0.24514608180668662
-0.9032631713721179 -0.20381337671359673 -0.37759204270665614
-0.9894355872705093 -0.07723713765769545 -0.12268513850140397
-0.9194592071681449 -0.29260229068986066 -0.2626378987061329
-0.9032631713721179 0.20381337671359673 -0.37759204270665614
-0.9894355872705093 0.07723713765769545 -0.12268513850140397
-0.9194592071681449 0.29260229068986066 -0.2626378987061329
-0.7405332121695208 -0.2580752984901063 -0.6204898887033811
-0.8537573735848284 -0.34033746695607087 -0.39404156587276573
-0.7405332121695208 0.2580752984901063 -0.6204898887033811
-0.8537573735848284 0.34033746695607087 -0.39404156587276573
0.7961121381677229 -0.12596359417088915 0.5918941091154464
0.7961121381677229 0.12596359417088915 0.5918941091154464
0.699927245891842 -0.1331029845662006 0.7017018212587388
0.699927245891842 0.1331029845662006 0.7017018212587388
0.9694861518221027 0. 0.24514608180668662
0.9032631713721179 -0.20381337671359673 0.37759204270665614
0.9894355872705093 -0.07723713765769545 0.12268513850140397
0.9194592071681449 -0.29260229068986066 0.2626378987061329
0.9032631713721179 0.20381337671359673 0.37759204270665614
0.9894355872705093 0.07723713765769545 0.12268513850140397
0.9194592071681449 0.29260229068986066 0.2626378987061329
0.7405332121695208 -0.2580752984901063 0.6204898887033811
0.8537573735848284 -0.34033746695607087 0.39404156587276573
0.7405332121695208 0.2580752984901063 0.6204898887033811
0.8537573735848284 0.34033746695607087 0.39404156587276573
0.7181077921852665 -0.3660362856292168 -0.5918941091154465
0.5700287062264611 -0.5698496623428136 -0.5918941091154464
0.6444890081166781 -0.3037243362968296 -0.7017018212587387
0.4880170653884274 -0.5190894893289948 -0.7017018212587387
0.8505537530852362 -0.36603628562921675 -0.3775920427066562
0.7843307726352515 -0.5698496623428135 -0.24514608180668673
0.91584543548804 -0.30372433629682954 -0.26263789870613297
0.8458690553856754 -0.5190894893289948 -0.12268513850140397
0.7507968079776733 -0.22648719863913416 -0.6204898887033811
0.8907495681824024 -0.22648719863913416 -0.3940415658727659
0.6109567589808715 -0.6958132565137026 -0.37759204270665614
0.4474110991107485 -0.6440618032529004 -0.620489888703381
0.4906588804236916 -0.777164787819101 -0.39404156587276573
0.7550713544967214 -0.6440618032529004 -0.12268513850140397
0.5718708129790492 -0.777164787819101 -0.26263789870613297
0.7181077921852665 0.3660362856292168 -0.5918941091154465
0.5700287062264611 0.5698496623428136 -0.5918941091154464
0.6444890081166781 0.3037243362968296 -0.7017018212587387
0.4880170653884274 0.5190894893289948 -0.7017018212587387
0.8505537530852362 0.36603628562921675 -0.3775920427066562
0.7843307726352515 0.5698496623428135 -0.24514608180668673
0.91584543548804 0.30372433629682954 -0.26263789870613297
0.8458690553856754 0.5190894893289948 -0.12268513850140397
0.7507968079776733 0.22648719863913416 -0.6204898887033811
0.8907495681824024 0.22648719863913416 -0.3940415658727659
0.6109567589808715 0.6958132565137026 -0.37759204270665614
0.4474110991107485 0.6440618032529004 -0.620489888703381
0.4906588804236916 0.777164787819101 -0.39404156587276573
0.7550713544967214 0.6440618032529004 -0.12268513850140397
0.5718708129790492 0.777164787819101 -0.26263789870613297
-0.7181077921852665 -0.3660362856292168 0.5918941091154465
-0.5700287062264611 -0.5698496623428136 0.5918941091154464
-0.6444890081166781 -0.3037243362968296 0.7017018212587387
-0.4880170653884274 -0.5190894893289948 0.7017018212587387
-0.8505537530852362 -0.36603628562921675 0.3775920427066562
-0.7843307726352515 -0.5698496623428135 0.24514608180668673
-0.91584543548804 -0.30372433629682954 0.26263789870613297
-0.8458690553856754 -0.5190894893289948 0.12268513850140397
-0.7507968079776733 -0.22648719863913416 0.6204898887033811
-0.8907495681824024 -0.22648719863913416 0.3940415658727659
-0.6109567589808715 -0.6958132565137026 0.37759204270665614
-0.7550713544967214 -0.6440618032529004 0.12268513850140397
-0.5718708129790492 -0.777164787819101 0.26263789870613297
-0.4474110991107485 -0.6440618032529004 0.620489888703381
-0.4906588804236916 -0.777164787819101 0.39404156587276573
-0.7181077921852665 0.3660362856292168 0.5918941091154465
-0.5700287062264611 0.5698496623428136 0.5918941091154464
-0.6444890081166781 0.3037243362968296 0.7017018212587387
-0.4880170653884274 0.5190894893289948 0.7017018212587387
-0.8505537530852362 0.36603628562921675 0.3775920427066562
-0.7843307726352515 0.5698496623428135 0.24514608180668673
-0.91584543548804 0.30372433629682954 0.26263789870613297
-0.8458690553856754 0.5190894893289948 0.12268513850140397
-0.7507968079776733 0.22648719863913416 0.6204898887033811
-0.8907495681824024 0.22648719863913416 0.3940415658727659
-0.6109567589808715 0.6958132565137026 0.37759204270665614
-0.7550713544967214 0.6440618032529004 0.12268513850140397
-0.5718708129790492 0.777164787819101 0.26263789870613297
-0.4474110991107485 0.6440618032529004 0.620489888703381
-0.4906588804236916 0.777164787819101 0.39404156587276573
-0.365810677174185 -0.7182227454347266 -0.5918941091154465
-0.1262136830698202 -0.7960725279774342 -0.5918941091154464
-0.3428778746166501 -0.6245392839049743 -0.7017018212587387
-0.08970095299661346 -0.7068014523709389 -0.7017018212587388
-0.47296171037858 -0.7960725279774342 -0.3775920427066561
-0.47428154178328286 -0.6245392839049743 -0.620489888703381
-0.5875057031985905 -0.7068014523709387 -0.39404156587276573
-0.08528563031540982 -0.9220361221483234 -0.37759204270665614
0.016606846864381818 -0.7840385900286343 -0.620489888703381
0.05985462817732493 -0.9171415745948348 -0.39404156587276573
-0.29958769672420016 -0.9220361221483234 -0.24514608180668668
-0.5624098358929528 -0.7840385900286344 -0.262637898706133
-0.37920929437528084 -0.9171415745948348 -0.12268513850140397
-0.005847205405991486 -0.964876750861045 -0.2626378987061329
-0.23229552823660674 -0.9648767508610452 -0.12268513850140399
-0.365810677174185 0.7182227454347266 -0.5918941091154465
-0.1262136830698202 0.7960725279774342 -0.5918941091154464
-0.3428778746166501 0.6245392839049743 -0.7017018212587387
-0.08970095299661346 0.7068014523709389 -0.7017018212587388
-0.47296171037858 0.7960725279774342 -0.3775920427066561
-0.47428154178328286 0.6245392839049743 -0.620489888703381
-0.5875057031985905 0.7068014523709387 -0.39404156587276573
-0.08528563031540982 0.9220361221483234 -0.37759204270665614
0.016606846864381818 0.7840385900286343 -0.620489888703381
0.05985462817732493 0.9171415745948348 -0.39404156587276573
-0.29958769672420016 0.9220361221483234 -0.24514608180668668
-0.5624098358929528 0.7840385900286344 -0.262637898706133
-0.37920929437528084 0.9171415745948348 -0.12268513850140397
-0.005847205405991486 0.964876750861045 -0.2626378987061329
-0.23229552823660674 0.9648767508610452 -0.12268513850140399
0.3658106771741849 -0.7182227454347266 0.5918941091154465
0.1262136830698202 -0.7960725279774342 0.5918941091154464
0.3428778746166501 -0.6245392839049743 0.7017018212587387
0.08970095299661346 -0.7068014523709389 0.7017018212587388
0.47296171037858 -0.7960725279774342 0.3775920427066561
0.47428154178328286 -0.6245392839049743 0.620489888703381
0.5875057031985905 -0.7068014523709387 0.39404156587276573
0.29958769672420016 -0.9220361221483234 0.24514608180668668
0.5624098358929528 -0.7840385900286344 0.262637898706133
0.37920929437528084 -0.9171415745948348 0.12268513850140397
0.08528563031540982 -0.9220361221483234 0.37759204270665614
-0.016606846864381818 -0.7840385900286343 0.620489888703381
-0.05985462817732493 -0.9171415745948348 0.39404156587276573
0.23229552823660674 -0.9648767508610452 0.12268513850140399
0.005847205405991487 -0.964876750861045 0.2626378987061329
0.3658106771741849 0.7182227454347266 0.5918941091154465
0.1262136830698202 0.7960725279774342 0.5918941091154464
0.3428778746166501 0.6245392839049743 0.7017018212587387
0.08970095299661346 0.7068014523709389 0.7017018212587388
0.47296171037858 0.7960725279774342 0.3775920427066561
0.47428154178328286 0.6245392839049743 0.620489888703381
0.5875057031985905 0.7068014523709387 0.39404156587276573
0.29958769672420016 0.9220361221483234 0.24514608180668668
0.5624098358929528 0.7840385900286344 0.262637898706133
0.37920929437528084 0.9171415745948348 0.12268513850140397
0.08528563031540982 0.9220361221483234 0.37759204270665614
-0.016606846864381818 0.7840385900286343 0.620489888703381
-0.05985462817732493 0.9171415745948348 0.39404156587276573
0.23229552823660674 0.9648767508610452 0.12268513850140399
0.005847205405991487 0.964876750861045 0.2626378987061329
-0.5060916696426219 -0.2707718142709588 -0.8188735229049455
-0.41391022502261837 -0.39764868804884657 -0.8188735229049456
-0.5060916696426219 0.2707718142709588 -0.8188735229049455
-0.41391022502261837 0.39764868804884657 -0.8188735229049456
-0.547316464929514 -0.39764868804884657 -0.7364239323311615
-0.547316464929514 0.39764868804884657 -0.7364239323311615
0.5685924406174191 -0.07841422038106487 -0.8188735229049456
0.5685924406174191 0.07841422038106487 -0.8188735229049456
0.2502810822875265 -0.5165322190669501 -0.8188735229049455
0.10112837176029464 -0.564994872463773 -0.8188735229049456
0.6765203558577589 0. -0.7364239323311615
0.20905628700063453 -0.6434090928448378 -0.7364239323311615
0.2502810822875265 0.5165322190669501 -0.8188735229049455
0.10112837176029464 0.564994872463773 -0.8188735229049456
0.20905628700063453 0.6434090928448378 -0.7364239323311615
0.5060916696426219 -0.2707718142709588 0.8188735229049455
0.41391022502261837 -0.39764868804884657 0.8188735229049456
0.5060916696426219 0.2707718142709588 0.8188735229049455
0.41391022502261837 0.39764868804884657 0.8188735229049456
0.547316464929514 -0.39764868804884657 0.7364239323311615
0.547316464929514 0.39764868804884657 0.7364239323311615
-0.5685924406174191 -0.07841422038106487 0.8188735229049456
-0.5685924406174191 0.07841422038106487 0.8188735229049456
-0.2502810822875265 -0.5165322190669501 0.8188735229049455
-0.10112837176029464 -0.564994872463773 0.8188735229049456
-0.6765203558577589 0. 0.7364239323311615
-0.20905628700063453 -0.6434090928448378 0.7364239323311615
-0.2502810822875265 0.5165322190669501 0.8188735229049455
-0.10112837176029464 0.564994872463773 0.8188735229049456
-0.20905628700063453 0.6434090928448378 0.7364239323311615
-0.9867050146186882 -0.07841422038106485 0.14235316704718667
-0.9867050146186882 0.07841422038106485 0.14235316704718667
-0.8443518475715014 -0.5165322190669501 -0.14235316704718667
-0.7776487276180536 -0.564994872463773 -0.2757594069540823
-0.9612266899521325 0. 0.2757594069540823
-0.7521704029514976 -0.6434090928448378 -0.14235316704718667
-0.8443518475715014 0.5165322190669501 -0.14235316704718667
-0.7776487276180536 0.564994872463773 -0.2757594069540823
-0.7521704029514976 0.6434090928448378 -0.14235316704718667
0.9867050146186882 -0.07841422038106485 -0.14235316704718667
0.9867050146186882 0.07841422038106485 -0.14235316704718667
0.8443518475715014 -0.5165322190669501 0.14235316704718667
0.7776487276180536 -0.564994872463773 0.2757594069540823
0.9612266899521325 0. -0.2757594069540823
0.7521704029514976 -0.6434090928448378 0.14235316704718667
0.8443518475715014 0.5165322190669501 0.14235316704718667
0.7776487276180536 0.564994872463773 0.2757594069540823
0.7521704029514976 0.6434090928448378 0.14235316704718667
0.2970353826419873 -0.9141809071157966 -0.27575940695408224
0.37948497321577146 -0.9141809071157966 -0.14235316704718665
0.23033226268853957 -0.9626435605126196 -0.14235316704718667
0.2970353826419873 0.9141809071157966 -0.27575940695408224
0.37948497321577146 0.9141809071157966 -0.14235316704718665
0.23033226268853957 0.9626435605126196 -0.14235316704718667
-0.37948497321577146 -0.9141809071157966 0.14235316704718665
-0.2970353826419873 -0.9141809071157966 0.27575940695408224
-0.23033226268853957 -0.9626435605126196 0.14235316704718667
-0.37948497321577146 0.9141809071157966 0.14235316704718665
-0.2970353826419873 0.9141809071157966 0.27575940695408224
-0.23033226268853957 0.9626435605126196 0.14235316704718667
0
1
2
3
4
5
6
7
8
9
10
11
12
13
14
15
16
17
18
19
20
21
22
23
24
25
26
27
28
29
30
31
32
33
34
35
36
37
38
39
40
41
42
43
44
45
46
47
48
49
50
51
52
53
54
55
56
57
58
59
60
61
62
63
64
65
66
67
68
69
70
71
72
73
74
75
76
77
78
79
80
81
82
83
84
85
86
87
88
89
90
91
92
93
94
95
96
97
98
99
100
101
102
103
104
105
106
107
108
109
110
111
112
113
114
115
116
117
118
119
120
121
122
123
124
125
126
127
128
129
130
131
132
133
134
135
136
137
138
139
140
141
142
143
144
145
146
147
148
149
150
151
152
153
154
155
156
157
158
159
160
161
162
163
164
165
166
167
168
169
170
171
172
173
174
175
176
177
178
179
180
181
182
183
184
185
186
187
188
189
190
191
192
193
194
195
196
197
198
199
200
201
202
203
204
205
206
207
208
209
210
211
212
213
214
215
216
217
218
219
220
221
222
223
224
225
226
227
228
229
230
231
232
233
234
235
236
237
238
239
240
241
242
243
244
245
246
247
248
249
250
251
252
253
254
255
256
257
258
259
260
261
262
263
264
265
266
267
268
269
270
271
272
273
274
275
276
277
278
279
280
281
282
283
284
285
286
287
288
289
290
291
292
293
294
295
296
297
298
299
300
301
302
303
304
305
306
307
308
309
310
311
312
313
314
315
316
317
318
319
320
321
322
323
324
325
326
327
328
329
330
331
332
333
334
335
336
337
338
339
340
341
342
343
344
345
346
347
348
349
350
351
352
353
354
355
356
357
358
359
360
361
362
363
364
365
366
367
368
369
370
371
372
373
374
375
376
377
378
379
380
381
382
383
384
385
386
387
388
389
390
391
392
393
394
395
396
397
398
399
400
401
402
403
404
405
406
407
408
409
410
411
412
413
414
415
416
417
418
419
420
421
422
423
424
425
426
427
428
429
430
431
432
433
434
435
436
437
438
439
440
441
442
443
444
445
446
447
448
449
450
451
452
453
454
455
456
457
458
459
460
461
462
463
464
465
466
467
468
469
470
471
472
473
474
475
476
477
478
479
480
481
482
483
484
485
486
487
488
489
490
491
492
493
494
495
496
497
498
499
500
501
502
503
504
505
506
507
508
509
510
511
512
513
514
515
516
517
518
519
520
521
522
523
524
525
526
527
528
529
530
531
532
533
534
535
536
537
538
539
540
541
542
543
544
545
546
547
548
549
550
551
552
553
554
555
556
557
558
559
560
561
562
563
564
565
566
567
568
569
570
571
572
573
574
575
576
577
578
579
580
581
582
583
584
585
586
587
588
589
590
591
592
593
594
595
596
597
598
599
600
601
602
603
604
605
606
607
608
609
610
611
612
613
614
615
616
617
618
619
620
621
622
623
624
625
626
627
628
629
630
631
632
633
634
635
636
637
638
639
640
641