dom_dim	2
amb_dim	3
vertex_count	1200
simplex_count	2400
4.0000000000000000 0.0000000000000000 0.0000000000000000
3.9780875814730932 0.4181138530706138 0.0000000000000000
3.9125904029352228 0.8316467632710373 0.0000000000000000
3.8042260651806141 1.2360679774997896 0.0000000000000000
3.6541818305704035 1.6269465723032006 0.0000000000000000
3.4641016151377548 1.9999999999999998 0.0000000000000000
3.2360679774997898 2.3511410091698925 0.0000000000000000
2.9725793019095770 2.6765224254354330 0.0000000000000000
2.6765224254354330 2.9725793019095770 0.0000000000000000
2.3511410091698921 3.2360679774997898 0.0000000000000000
1.9999999999999996 3.4641016151377548 0.0000000000000000
1.6269465723032008 3.6541818305704035 0.0000000000000000
1.2360679774997898 3.8042260651806141 0.0000000000000000
0.8316467632710378 3.9125904029352223 0.0000000000000000
0.4181138530706147 3.9780875814730932 0.0000000000000000
0.0000000000000011 4.0000000000000000 0.0000000000000000
-0.4181138530706124 3.9780875814730936 0.0000000000000000
-0.8316467632710356 3.9125904029352228 0.0000000000000000
-1.2360679774997878 3.8042260651806150 0.0000000000000000
-1.6269465723031986 3.6541818305704044 0.0000000000000000
-1.9999999999999978 3.4641016151377562 0.0000000000000000
-2.3511410091698908 3.2360679774997907 0.0000000000000000
-2.6765224254354316 2.9725793019095779 0.0000000000000000
-2.9725793019095761 2.6765224254354338 0.0000000000000000
-3.2360679774997894 2.3511410091698930 0.0000000000000000
-3.4641016151377548 1.9999999999999998 0.0000000000000000
-3.6541818305704039 1.6269465723032002 0.0000000000000000
-3.8042260651806146 1.2360679774997885 0.0000000000000000
-3.9125904029352228 0.8316467632710355 0.0000000000000000
-3.9780875814730936 0.4181138530706114 0.0000000000000000
-4.0000000000000000 -0.0000000000000031 0.0000000000000000
-3.9780875814730932 -0.4181138530706175 0.0000000000000000
-3.9125904029352219 -0.8316467632710415 0.0000000000000000
-3.8042260651806128 -1.2360679774997942 0.0000000000000000
-3.6541818305704012 -1.6269465723032057 0.0000000000000000
-3.4641016151377517 -2.0000000000000053 0.0000000000000000
-3.2360679774997858 -2.3511410091698979 0.0000000000000000
-2.9725793019095721 -2.6765224254354383 0.0000000000000000
-2.6765224254354272 -2.9725793019095819 0.0000000000000000
-2.3511410091698872 -3.2360679774997934 0.0000000000000000
-1.9999999999999953 -3.4641016151377571 0.0000000000000000
-1.6269465723031971 -3.6541818305704052 0.0000000000000000
-1.2360679774997869 -3.8042260651806150 0.0000000000000000
-0.8316467632710357 -3.9125904029352228 0.0000000000000000
-0.4181138530706134 -3.9780875814730936 0.0000000000000000
-0.0000000000000007 -4.0000000000000000 0.0000000000000000
0.4181138530706119 -3.9780875814730936 0.0000000000000000
0.8316467632710343 -3.9125904029352232 0.0000000000000000
1.2360679774997856 -3.8042260651806155 0.0000000000000000
1.6269465723031957 -3.6541818305704057 0.0000000000000000
1.9999999999999942 -3.4641016151377579 0.0000000000000000
2.3511410091698863 -3.2360679774997942 0.0000000000000000
2.6765224254354263 -2.9725793019095832 0.0000000000000000
2.9725793019095703 -2.6765224254354405 0.0000000000000000
3.2360679774997827 -2.3511410091699019 0.0000000000000000
3.4641016151377482 -2.0000000000000111 0.0000000000000000
3.6541818305703977 -1.6269465723032135 0.0000000000000000
3.8042260651806097 -1.2360679774998040 0.0000000000000000
3.9125904029352192 -0.8316467632710534 0.0000000000000000
3.9780875814730914 -0.4181138530706313 0.0000000000000000
3.9510565162951536 0.0000000000000000 0.3090169943749474
3.9294122152930231 0.4129978659319808 0.3090169943749474
3.8647164517777730 0.8214708408194512 0.3090169943749474
3.7576780460729342 1.2209436092710788 0.3090169943749474
3.6094697333506365 1.6070394640406562 0.3090169943749474
3.4217153148996480 1.9755282581475766 0.3090169943749474
3.1964718674186559 2.3223727512523671 0.3090169943749474
2.9362072052534831 2.6437728425066944 0.3090169943749474
2.6437728425066944 2.9362072052534831 0.3090169943749474
2.3223727512523666 3.1964718674186559 0.3090169943749474
1.9755282581475764 3.4217153148996480 0.3090169943749474
1.6070394640406565 3.6094697333506365 0.3090169943749474
1.2209436092710790 3.7576780460729342 0.3090169943749474
0.8214708408194518 3.8647164517777726 0.3090169943749474
0.4129978659319817 3.9294122152930231 0.3090169943749474
0.0000000000000011 3.9510565162951536 0.3090169943749474
-0.4129978659319794 3.9294122152930235 0.3090169943749474
-0.8214708408194495 3.8647164517777730 0.3090169943749474
-1.2209436092710770 3.7576780460729351 0.3090169943749474
-1.6070394640406542 3.6094697333506374 0.3090169943749474
-1.9755282581475746 3.4217153148996493 0.3090169943749474
-2.3223727512523653 3.1964718674186567 0.3090169943749474
-2.6437728425066931 2.9362072052534840 0.3090169943749474
-2.9362072052534822 2.6437728425066953 0.3090169943749474
-3.1964718674186554 2.3223727512523675 0.3090169943749474
-3.4217153148996480 1.9755282581475766 0.3090169943749474
-3.6094697333506369 1.6070394640406558 0.3090169943749474
-3.7576780460729347 1.2209436092710777 0.3090169943749474
-3.8647164517777730 0.8214708408194494 0.3090169943749474
-3.9294122152930235 0.4129978659319785 0.3090169943749474
-3.9510565162951536 -0.0000000000000030 0.3090169943749474
-3.9294122152930231 -0.4129978659319844 0.3090169943749474
-3.8647164517777721 -0.8214708408194553 0.3090169943749474
-3.7576780460729329 -1.2209436092710833 0.3090169943749474
-3.6094697333506343 -1.6070394640406613 0.3090169943749474
-3.4217153148996453 -1.9755282581475822 0.3090169943749474
-3.1964718674186519 -2.3223727512523720 0.3090169943749474
-2.9362072052534782 -2.6437728425066993 0.3090169943749474
-2.6437728425066886 -2.9362072052534880 0.3090169943749474
-2.3223727512523618 -3.1964718674186594 0.3090169943749474
-1.9755282581475722 -3.4217153148996502 0.3090169943749474
-1.6070394640406527 -3.6094697333506383 0.3090169943749474
-1.2209436092710761 -3.7576780460729351 0.3090169943749474
-0.8214708408194497 -3.8647164517777730 0.3090169943749474
-0.4129978659319804 -3.9294122152930235 0.3090169943749474
-0.0000000000000007 -3.9510565162951536 0.3090169943749474
0.4129978659319790 -3.9294122152930235 0.3090169943749474
0.8214708408194482 -3.8647164517777735 0.3090169943749474
1.2209436092710748 -3.7576780460729355 0.3090169943749474
1.6070394640406513 -3.6094697333506387 0.3090169943749474
1.9755282581475710 -3.4217153148996511 0.3090169943749474
2.3223727512523609 -3.1964718674186603 0.3090169943749474
2.6437728425066878 -2.9362072052534893 0.3090169943749474
2.9362072052534764 -2.6437728425067015 0.3090169943749474
3.1964718674186487 -2.3223727512523760 0.3090169943749474
3.4217153148996418 -1.9755282581475877 0.3090169943749474
3.6094697333506307 -1.6070394640406691 0.3090169943749474
3.7576780460729298 -1.2209436092710930 0.3090169943749474
3.8647164517777695 -0.8214708408194671 0.3090169943749474
3.9294122152930213 -0.4129978659319981 0.3090169943749474
3.8090169943749475 0.0000000000000000 0.5877852522924731
3.7881508007357363 0.3981506929823895 0.5877852522924731
3.7257808342021468 0.7919391636540749 0.5877852522924731
3.6225904331792740 1.1770509831248421 0.5877852522924731
3.4797101732947056 1.5492667857107401 0.5877852522924731
3.2987054805753528 1.9045084971874735 0.5877852522924731
3.0815594803123161 2.2388840150249960 0.5877852522924731
2.8306512695251991 2.5487298510773044 0.5877852522924731
2.5487298510773044 2.8306512695251991 0.5877852522924731
2.2388840150249960 3.0815594803123161 0.5877852522924731
1.9045084971874733 3.2987054805753528 0.5877852522924731
1.5492667857107403 3.4797101732947056 0.5877852522924731
1.1770509831248424 3.6225904331792740 0.5877852522924731
0.7919391636540755 3.7257808342021463 0.5877852522924731
0.3981506929823903 3.7881508007357363 0.5877852522924731
0.0000000000000011 3.8090169943749475 0.5877852522924731
-0.3981506929823881 3.7881508007357367 0.5877852522924731
-0.7919391636540734 3.7257808342021468 0.5877852522924731
-1.1770509831248406 3.6225904331792749 0.5877852522924731
-1.5492667857107383 3.4797101732947064 0.5877852522924731
-1.9045084971874715 3.2987054805753542 0.5877852522924731
-2.2388840150249947 3.0815594803123170 0.5877852522924731
-2.5487298510773031 2.8306512695252000 0.5877852522924731
-2.8306512695251982 2.5487298510773053 0.5877852522924731
-3.0815594803123156 2.2388840150249965 0.5877852522924731
-3.2987054805753528 1.9045084971874735 0.5877852522924731
-3.4797101732947060 1.5492667857107396 0.5877852522924731
-3.6225904331792744 1.1770509831248410 0.5877852522924731
-3.7257808342021468 0.7919391636540732 0.5877852522924731
-3.7881508007357367 0.3981506929823872 0.5877852522924731
-3.8090169943749475 -0.0000000000000029 0.5877852522924731
-3.7881508007357363 -0.3981506929823930 0.5877852522924731
-3.7257808342021459 -0.7919391636540790 0.5877852522924731
-3.6225904331792727 -1.1770509831248466 0.5877852522924731
-3.4797101732947033 -1.5492667857107449 0.5877852522924731
-3.2987054805753502 -1.9045084971874788 0.5877852522924731
-3.0815594803123121 -2.2388840150250013 0.5877852522924731
-2.8306512695251946 -2.5487298510773093 0.5877852522924731
-2.5487298510772987 -2.8306512695252040 0.5877852522924731
-2.2388840150249911 -3.0815594803123196 0.5877852522924731
-1.9045084971874693 -3.2987054805753551 0.5877852522924731
-1.5492667857107367 -3.4797101732947073 0.5877852522924731
-1.1770509831248397 -3.6225904331792749 0.5877852522924731
-0.7919391636540735 -3.7257808342021468 0.5877852522924731
-0.3981506929823891 -3.7881508007357367 0.5877852522924731
-0.0000000000000007 -3.8090169943749475 0.5877852522924731
0.3981506929823877 -3.7881508007357367 0.5877852522924731
0.7919391636540721 -3.7257808342021472 0.5877852522924731
1.1770509831248384 -3.6225904331792753 0.5877852522924731
1.5492667857107354 -3.4797101732947073 0.5877852522924731
1.9045084971874682 -3.2987054805753560 0.5877852522924731
2.2388840150249902 -3.0815594803123205 0.5877852522924731
2.5487298510772978 -2.8306512695252048 0.5877852522924731
2.8306512695251929 -2.5487298510773115 0.5877852522924731
3.0815594803123094 -2.2388840150250049 0.5877852522924731
3.2987054805753466 -1.9045084971874844 0.5877852522924731
3.4797101732946998 -1.5492667857107523 0.5877852522924731
3.6225904331792695 -1.1770509831248559 0.5877852522924731
3.7257808342021432 -0.7919391636540902 0.5877852522924731
3.7881508007357345 -0.3981506929824061 0.5877852522924731
3.5877852522924734 0.0000000000000000 0.8090169943749475
3.5681309892842492 0.3750256789564826 0.8090169943749475
3.5093835364780146 0.7459424980951493 0.8090169943749475
3.4121865432604084 1.1086866151261825 0.8090169943749475
3.2776049202289017 1.4592837295943033 0.8090169943749475
3.1071131718084435 1.7938926261462365 0.8090169943749475
2.9025792412724192 2.1088472596899459 0.8090169943749475
2.6662440451652589 2.4006969213518317 0.8090169943749475
2.4006969213518317 2.6662440451652589 0.8090169943749475
2.1088472596899455 2.9025792412724192 0.8090169943749475
1.7938926261462362 3.1071131718084435 0.8090169943749475
1.4592837295943035 3.2776049202289017 0.8090169943749475
1.1086866151261827 3.4121865432604084 0.8090169943749475
0.7459424980951498 3.5093835364780142 0.8090169943749475
0.3750256789564834 3.5681309892842492 0.8090169943749475
0.0000000000000010 3.5877852522924734 0.8090169943749475
-0.3750256789564814 3.5681309892842497 0.8090169943749475
-0.7459424980951478 3.5093835364780146 0.8090169943749475
-1.1086866151261809 3.4121865432604088 0.8090169943749475
-1.4592837295943015 3.2776049202289026 0.8090169943749475
-1.7938926261462347 3.1071131718084448 0.8090169943749475
-2.1088472596899441 2.9025792412724201 0.8090169943749475
-2.4006969213518308 2.6662440451652598 0.8090169943749475
-2.6662440451652580 2.4006969213518325 0.8090169943749475
-2.9025792412724187 2.1088472596899464 0.8090169943749475
-3.1071131718084435 1.7938926261462365 0.8090169943749475
-3.2776049202289022 1.4592837295943029 0.8090169943749475
-3.4121865432604088 1.1086866151261814 0.8090169943749475
-3.5093835364780146 0.7459424980951477 0.8090169943749475
-3.5681309892842497 0.3750256789564804 0.8090169943749475
-3.5877852522924734 -0.0000000000000027 0.8090169943749475
-3.5681309892842492 -0.3750256789564859 0.8090169943749475
-3.5093835364780137 -0.7459424980951531 0.8090169943749475
-3.4121865432604070 -1.1086866151261867 0.8090169943749475
-3.2776049202288999 -1.4592837295943080 0.8090169943749475
-3.1071131718084408 -1.7938926261462416 0.8090169943749475
-2.9025792412724156 -2.1088472596899508 0.8090169943749475
-2.6662440451652545 -2.4006969213518365 0.8090169943749475
-2.4006969213518268 -2.6662440451652634 0.8090169943749475
-2.1088472596899410 -2.9025792412724227 0.8090169943749475
-1.7938926261462325 -3.1071131718084457 0.8090169943749475
-1.4592837295943002 -3.2776049202289035 0.8090169943749475
-1.1086866151261801 -3.4121865432604088 0.8090169943749475
-0.7459424980951479 -3.5093835364780146 0.8090169943749475
-0.3750256789564823 -3.5681309892842497 0.8090169943749475
-0.0000000000000007 -3.5877852522924734 0.8090169943749475
0.3750256789564809 -3.5681309892842497 0.8090169943749475
0.7459424980951467 -3.5093835364780150 0.8090169943749475
1.1086866151261789 -3.4121865432604093 0.8090169943749475
1.4592837295942989 -3.2776049202289039 0.8090169943749475
1.7938926261462316 -3.1071131718084462 0.8090169943749475
2.1088472596899401 -2.9025792412724232 0.8090169943749475
2.4006969213518259 -2.6662440451652647 0.8090169943749475
2.6662440451652532 -2.4006969213518388 0.8090169943749475
2.9025792412724130 -2.1088472596899543 0.8090169943749475
3.1071131718084377 -1.7938926261462467 0.8090169943749475
3.2776049202288968 -1.4592837295943148 0.8090169943749475
3.4121865432604044 -1.1086866151261954 0.8090169943749475
3.5093835364780115 -0.7459424980951638 0.8090169943749475
3.5681309892842474 -0.3750256789564983 0.8090169943749475
3.3090169943749475 0.0000000000000000 0.9510565162951535
3.2908898530515995 0.3458864613485628 0.9510565162951535
3.2367070338352439 0.6879833182451953 0.9510565162951535
3.1470621750316972 1.0225424859373684 0.9510565162951535
3.0229374444734050 1.3458984641728400 0.9510565162951535
2.8656927786831337 1.6545084971874735 0.9510565162951535
2.6770509831248424 1.9449913888787596 0.9510565162951535
2.4590788567865021 2.2141645478978753 0.9510565162951535
2.2141645478978753 2.4590788567865021 0.9510565162951535
1.9449913888787593 2.6770509831248424 0.9510565162951535
1.6545084971874733 2.8656927786831337 0.9510565162951535
1.3458984641728402 3.0229374444734050 0.9510565162951535
1.0225424859373686 3.1470621750316972 0.9510565162951535
0.6879833182451958 3.2367070338352435 0.9510565162951535
0.3458864613485635 3.2908898530515995 0.9510565162951535
0.0000000000000009 3.3090169943749475 0.9510565162951535
-0.3458864613485616 3.2908898530516000 0.9510565162951535
-0.6879833182451939 3.2367070338352439 0.9510565162951535
-1.0225424859373671 3.1470621750316981 0.9510565162951535
-1.3458984641728384 3.0229374444734058 0.9510565162951535
-1.6545084971874719 2.8656927786831345 0.9510565162951535
-1.9449913888787582 2.6770509831248432 0.9510565162951535
-2.2141645478978740 2.4590788567865025 0.9510565162951535
-2.4590788567865012 2.2141645478978758 0.9510565162951535
-2.6770509831248419 1.9449913888787600 0.9510565162951535
-2.8656927786831337 1.6545084971874735 0.9510565162951535
-3.0229374444734054 1.3458984641728395 0.9510565162951535
-3.1470621750316976 1.0225424859373675 0.9510565162951535
-3.2367070338352439 0.6879833182451938 0.9510565162951535
-3.2908898530516000 0.3458864613485608 0.9510565162951535
-3.3090169943749475 -0.0000000000000025 0.9510565162951535
-3.2908898530515995 -0.3458864613485658 0.9510565162951535
-3.2367070338352431 -0.6879833182451988 0.9510565162951535
-3.1470621750316963 -1.0225424859373724 0.9510565162951535
-3.0229374444734032 -1.3458984641728442 0.9510565162951535
-2.8656927786831310 -1.6545084971874782 0.9510565162951535
-2.6770509831248392 -1.9449913888787640 0.9510565162951535
-2.4590788567864981 -2.2141645478978798 0.9510565162951535
-2.2141645478978704 -2.4590788567865061 0.9510565162951535
-1.9449913888787553 -2.6770509831248455 0.9510565162951535
-1.6545084971874700 -2.8656927786831354 0.9510565162951535
-1.3458984641728371 -3.0229374444734063 0.9510565162951535
-1.0225424859373662 -3.1470621750316981 0.9510565162951535
-0.6879833182451940 -3.2367070338352439 0.9510565162951535
-0.3458864613485624 -3.2908898530516000 0.9510565162951535
-0.0000000000000006 -3.3090169943749475 0.9510565162951535
0.3458864613485612 -3.2908898530516000 0.9510565162951535
0.6879833182451928 -3.2367070338352444 0.9510565162951535
1.0225424859373651 -3.1470621750316985 0.9510565162951535
1.3458984641728360 -3.0229374444734067 0.9510565162951535
1.6545084971874688 -2.8656927786831363 0.9510565162951535
1.9449913888787544 -2.6770509831248459 0.9510565162951535
2.2141645478978695 -2.4590788567865070 0.9510565162951535
2.4590788567864963 -2.2141645478978815 0.9510565162951535
2.6770509831248366 -1.9449913888787673 0.9510565162951535
2.8656927786831279 -1.6545084971874828 0.9510565162951535
3.0229374444734001 -1.3458984641728506 0.9510565162951535
3.1470621750316936 -1.0225424859373804 0.9510565162951535
3.2367070338352408 -0.6879833182452086 0.9510565162951535
3.2908898530515982 -0.3458864613485772 0.9510565162951535
3.0000000000000000 0.0000000000000000 1.0000000000000000
2.9835656861048196 0.3135853898029604 1.0000000000000000
2.9344428022014171 0.6237350724532780 1.0000000000000000
2.8531695488854605 0.9270509831248421 1.0000000000000000
2.7406363729278027 1.2202099292274005 1.0000000000000000
2.5980762113533160 1.4999999999999998 1.0000000000000000
2.4270509831248424 1.7633557568774194 1.0000000000000000
2.2294344764321830 2.0073918190765747 1.0000000000000000
2.0073918190765747 2.2294344764321830 1.0000000000000000
1.7633557568774192 2.4270509831248424 1.0000000000000000
1.4999999999999996 2.5980762113533160 1.0000000000000000
1.2202099292274007 2.7406363729278027 1.0000000000000000
0.9270509831248424 2.8531695488854605 1.0000000000000000
0.6237350724532784 2.9344428022014166 1.0000000000000000
0.3135853898029610 2.9835656861048196 1.0000000000000000
0.0000000000000008 3.0000000000000000 1.0000000000000000
-0.3135853898029594 2.9835656861048201 1.0000000000000000
-0.6237350724532766 2.9344428022014171 1.0000000000000000
-0.9270509831248408 2.8531695488854614 1.0000000000000000
-1.2202099292273989 2.7406363729278032 1.0000000000000000
-1.4999999999999982 2.5980762113533169 1.0000000000000000
-1.7633557568774181 2.4270509831248432 1.0000000000000000
-2.0073918190765738 2.2294344764321834 1.0000000000000000
-2.2294344764321821 2.0073918190765756 1.0000000000000000
-2.4270509831248419 1.7633557568774196 1.0000000000000000
-2.5980762113533160 1.4999999999999998 1.0000000000000000
-2.7406363729278027 1.2202099292274000 1.0000000000000000
-2.8531695488854609 0.9270509831248414 1.0000000000000000
-2.9344428022014171 0.6237350724532766 1.0000000000000000
-2.9835656861048201 0.3135853898029586 1.0000000000000000
-3.0000000000000000 -0.0000000000000023 1.0000000000000000
-2.9835656861048196 -0.3135853898029631 1.0000000000000000
-2.9344428022014162 -0.6237350724532811 1.0000000000000000
-2.8531695488854596 -0.9270509831248457 1.0000000000000000
-2.7406363729278009 -1.2202099292274042 1.0000000000000000
-2.5980762113533138 -1.5000000000000040 1.0000000000000000
-2.4270509831248392 -1.7633557568774234 1.0000000000000000
-2.2294344764321790 -2.0073918190765787 1.0000000000000000
-2.0073918190765703 -2.2294344764321865 1.0000000000000000
-1.7633557568774154 -2.4270509831248450 1.0000000000000000
-1.4999999999999964 -2.5980762113533178 1.0000000000000000
-1.2202099292273978 -2.7406363729278040 1.0000000000000000
-0.9270509831248401 -2.8531695488854614 1.0000000000000000
-0.6237350724532768 -2.9344428022014171 1.0000000000000000
-0.3135853898029601 -2.9835656861048201 1.0000000000000000
-0.0000000000000006 -3.0000000000000000 1.0000000000000000
0.3135853898029590 -2.9835656861048201 1.0000000000000000
0.6237350724532758 -2.9344428022014175 1.0000000000000000
0.9270509831248392 -2.8531695488854618 1.0000000000000000
1.2202099292273969 -2.7406363729278045 1.0000000000000000
1.4999999999999956 -2.5980762113533187 1.0000000000000000
1.7633557568774147 -2.4270509831248459 1.0000000000000000
2.0073918190765698 -2.2294344764321874 1.0000000000000000
2.2294344764321776 -2.0073918190765805 1.0000000000000000
2.4270509831248370 -1.7633557568774263 1.0000000000000000
2.5980762113533111 -1.5000000000000084 1.0000000000000000
2.7406363729277983 -1.2202099292274102 1.0000000000000000
2.8531695488854574 -0.9270509831248530 1.0000000000000000
2.9344428022014144 -0.6237350724532900 1.0000000000000000
2.9835656861048188 -0.3135853898029735 1.0000000000000000
2.6909830056250525 0.0000000000000000 0.9510565162951536
2.6762415191580402 0.2812843182573580 0.9510565162951536
2.6321785705675902 0.5594868266613606 0.9510565162951536
2.5592769227392238 0.8315594803123159 0.9510565162951536
2.4583353013822000 1.0945213942819609 0.9510565162951536
2.3304596440234988 1.3454915028125261 0.9510565162951536
2.1770509831248424 1.5817201248760793 0.9510565162951536
1.9997900960778634 1.8006190902552743 0.9510565162951536
1.8006190902552743 1.9997900960778634 0.9510565162951536
1.5817201248760788 2.1770509831248424 0.9510565162951536
1.3454915028125261 2.3304596440234988 0.9510565162951536
1.0945213942819612 2.4583353013822000 0.9510565162951536
0.8315594803123161 2.5592769227392238 0.9510565162951536
0.5594868266613610 2.6321785705675902 0.9510565162951536
0.2812843182573586 2.6762415191580402 0.9510565162951536
0.0000000000000008 2.6909830056250525 0.9510565162951536
-0.2812843182573571 2.6762415191580402 0.9510565162951536
-0.5594868266613595 2.6321785705675902 0.9510565162951536
-0.8315594803123147 2.5592769227392247 0.9510565162951536
-1.0945213942819596 2.4583353013822009 0.9510565162951536
-1.3454915028125247 2.3304596440234997 0.9510565162951536
-1.5817201248760779 2.1770509831248428 0.9510565162951536
-1.8006190902552734 1.9997900960778641 0.9510565162951536
-1.9997900960778630 1.8006190902552748 0.9510565162951536
-2.1770509831248419 1.5817201248760795 0.9510565162951536
-2.3304596440234988 1.3454915028125261 0.9510565162951536
-2.4583353013822005 1.0945213942819607 0.9510565162951536
-2.5592769227392242 0.8315594803123152 0.9510565162951536
-2.6321785705675902 0.5594868266613594 0.9510565162951536
-2.6762415191580402 0.2812843182573564 0.9510565162951536
-2.6909830056250525 -0.0000000000000021 0.9510565162951536
-2.6762415191580402 -0.2812843182573604 0.9510565162951536
-2.6321785705675897 -0.5594868266613634 0.9510565162951536
-2.5592769227392229 -0.8315594803123191 0.9510565162951536
-2.4583353013821987 -1.0945213942819643 0.9510565162951536
-2.3304596440234966 -1.3454915028125298 0.9510565162951536
-2.1770509831248397 -1.5817201248760828 0.9510565162951536
-1.9997900960778603 -1.8006190902552779 0.9510565162951536
-1.8006190902552703 -1.9997900960778667 0.9510565162951536
-1.5817201248760755 -2.1770509831248446 0.9510565162951536
-1.3454915028125232 -2.3304596440235001 0.9510565162951536
-1.0945213942819585 -2.4583353013822014 0.9510565162951536
-0.8315594803123141 -2.5592769227392247 0.9510565162951536
-0.5594868266613595 -2.6321785705675902 0.9510565162951536
-0.2812843182573577 -2.6762415191580402 0.9510565162951536
-0.0000000000000005 -2.6909830056250525 0.9510565162951536
0.2812843182573567 -2.6762415191580402 0.9510565162951536
0.5594868266613586 -2.6321785705675906 0.9510565162951536
0.8315594803123132 -2.5592769227392247 0.9510565162951536
1.0945213942819576 -2.4583353013822018 0.9510565162951536
1.3454915028125225 -2.3304596440235006 0.9510565162951536
1.5817201248760751 -2.1770509831248455 0.9510565162951536
1.8006190902552697 -1.9997900960778676 0.9510565162951536
1.9997900960778590 -1.8006190902552792 0.9510565162951536
2.1770509831248375 -1.5817201248760855 0.9510565162951536
2.3304596440234944 -1.3454915028125338 0.9510565162951536
2.4583353013821965 -1.0945213942819696 0.9510565162951536
2.5592769227392211 -0.8315594803123256 0.9510565162951536
2.6321785705675880 -0.5594868266613714 0.9510565162951536
2.6762415191580389 -0.2812843182573698 0.9510565162951536
2.4122147477075271 0.0000000000000000 0.8090169943749475
2.3990003829253910 0.2521451006494382 0.8090169943749475
2.3595020679248200 0.5015276468114067 0.8090169943749475
2.2941525545105135 0.7454153511235021 0.8090169943749475
2.2036678256267037 0.9811361288604977 0.8090169943749475
2.0890392508981890 1.2061073738537633 0.8090169943749475
1.9515227249772658 1.4178642540648931 0.8090169943749475
1.7926249076991068 1.6140867168013178 0.8090169943749475
1.6140867168013178 1.7926249076991068 0.8090169943749475
1.4178642540648929 1.9515227249772658 0.8090169943749475
1.2061073738537633 2.0890392508981890 0.8090169943749475
0.9811361288604979 2.2036678256267037 0.8090169943749475
0.7454153511235022 2.2941525545105135 0.8090169943749475
0.5015276468114070 2.3595020679248195 0.8090169943749475
0.2521451006494387 2.3990003829253910 0.8090169943749475
0.0000000000000007 2.4122147477075271 0.8090169943749475
-0.2521451006494373 2.3990003829253914 0.8090169943749475
-0.5015276468114056 2.3595020679248200 0.8090169943749475
-0.7454153511235010 2.2941525545105139 0.8090169943749475
-0.9811361288604965 2.2036678256267042 0.8090169943749475
-1.2061073738537622 2.0890392508981899 0.8090169943749475
-1.4178642540648922 1.9515227249772662 0.8090169943749475
-1.6140867168013171 1.7926249076991074 0.8090169943749475
-1.7926249076991063 1.6140867168013184 0.8090169943749475
-1.9515227249772655 1.4178642540648936 0.8090169943749475
-2.0890392508981890 1.2061073738537633 0.8090169943749475
-2.2036678256267042 0.9811361288604975 0.8090169943749475
-2.2941525545105135 0.7454153511235013 0.8090169943749475
-2.3595020679248200 0.5015276468114056 0.8090169943749475
-2.3990003829253914 0.2521451006494367 0.8090169943749475
-2.4122147477075271 -0.0000000000000018 0.8090169943749475
-2.3990003829253910 -0.2521451006494404 0.8090169943749475
-2.3595020679248195 -0.5015276468114092 0.8090169943749475
-2.2941525545105126 -0.7454153511235049 0.8090169943749475
-2.2036678256267024 -0.9811361288605008 0.8090169943749475
-2.0890392508981872 -1.2061073738537667 0.8090169943749475
-1.9515227249772633 -1.4178642540648965 0.8090169943749475
-1.7926249076991039 -1.6140867168013211 0.8090169943749475
-1.6140867168013144 -1.7926249076991096 0.8090169943749475
-1.4178642540648900 -1.9515227249772680 0.8090169943749475
-1.2061073738537607 -2.0890392508981903 0.8090169943749475
-0.9811361288604956 -2.2036678256267050 0.8090169943749475
-0.7454153511235004 -2.2941525545105139 0.8090169943749475
-0.5015276468114057 -2.3595020679248200 0.8090169943749475
-0.2521451006494380 -2.3990003829253914 0.8090169943749475
-0.0000000000000004 -2.4122147477075271 0.8090169943749475
0.2521451006494371 -2.3990003829253914 0.8090169943749475
0.5015276468114048 -2.3595020679248204 0.8090169943749475
0.7454153511234997 -2.2941525545105144 0.8090169943749475
0.9811361288604948 -2.2036678256267050 0.8090169943749475
1.2061073738537600 -2.0890392508981908 0.8090169943749475
1.4178642540648896 -1.9515227249772684 0.8090169943749475
1.6140867168013138 -1.7926249076991105 0.8090169943749475
1.7926249076991028 -1.6140867168013224 0.8090169943749475
1.9515227249772615 -1.4178642540648989 0.8090169943749475
2.0890392508981850 -1.2061073738537702 0.8090169943749475
2.2036678256267002 -0.9811361288605055 0.8090169943749475
2.2941525545105108 -0.7454153511235108 0.8090169943749475
2.3595020679248178 -0.5015276468114164 0.8090169943749475
2.3990003829253901 -0.2521451006494487 0.8090169943749475
2.1909830056250525 0.0000000000000000 0.5877852522924732
2.1789805714739034 0.2290200866235313 0.5877852522924732
2.1431047702006873 0.4555309812524809 0.5877852522924732
2.0837486645916474 0.6770509831248422 0.5877852522924732
2.0015625725608999 0.8911530727440609 0.5877852522924732
1.8974469421312792 1.0954915028125261 0.5877852522924732
1.7725424859373686 1.2878274987298426 0.5877852522924732
1.6282176833391664 1.4660537870758452 0.5877852522924732
1.4660537870758452 1.6282176833391664 0.5877852522924732
1.2878274987298424 1.7725424859373686 0.5877852522924732
1.0954915028125261 1.8974469421312792 0.5877852522924732
0.8911530727440610 2.0015625725608999 0.5877852522924732
0.6770509831248424 2.0837486645916474 0.5877852522924732
0.4555309812524813 2.1431047702006873 0.5877852522924732
0.2290200866235318 2.1789805714739034 0.5877852522924732
0.0000000000000006 2.1909830056250525 0.5877852522924732
-0.2290200866235305 2.1789805714739039 0.5877852522924732
-0.4555309812524800 2.1431047702006873 0.5877852522924732
-0.6770509831248412 2.0837486645916479 0.5877852522924732
-0.8911530727440597 2.0015625725609003 0.5877852522924732
-1.0954915028125252 1.8974469421312801 0.5877852522924732
-1.2878274987298417 1.7725424859373691 0.5877852522924732
-1.4660537870758443 1.6282176833391668 0.5877852522924732
-1.6282176833391659 1.4660537870758457 0.5877852522924732
-1.7725424859373684 1.2878274987298428 0.5877852522924732
-1.8974469421312792 1.0954915028125261 0.5877852522924732
-2.0015625725608999 0.8911530727440606 0.5877852522924732
-2.0837486645916474 0.6770509831248416 0.5877852522924732
-2.1431047702006873 0.4555309812524800 0.5877852522924732
-2.1789805714739039 0.2290200866235300 0.5877852522924732
-2.1909830056250525 -0.0000000000000017 0.5877852522924732
-2.1789805714739034 -0.2290200866235333 0.5877852522924732
-2.1431047702006869 -0.4555309812524833 0.5877852522924732
-2.0837486645916465 -0.6770509831248448 0.5877852522924732
-2.0015625725608985 -0.8911530727440636 0.5877852522924732
-1.8974469421312776 -1.0954915028125292 0.5877852522924732
-1.7725424859373664 -1.2878274987298455 0.5877852522924732
-1.6282176833391637 -1.4660537870758481 0.5877852522924732
-1.4660537870758419 -1.6282176833391691 0.5877852522924732
-1.2878274987298397 -1.7725424859373706 0.5877852522924732
-1.0954915028125236 -1.8974469421312805 0.5877852522924732
-0.8911530727440589 -2.0015625725609008 0.5877852522924732
-0.6770509831248407 -2.0837486645916479 0.5877852522924732
-0.4555309812524801 -2.1431047702006873 0.5877852522924732
-0.2290200866235311 -2.1789805714739039 0.5877852522924732
-0.0000000000000004 -2.1909830056250525 0.5877852522924732
0.2290200866235302 -2.1789805714739039 0.5877852522924732
0.4555309812524793 -2.1431047702006878 0.5877852522924732
0.6770509831248400 -2.0837486645916479 0.5877852522924732
0.8911530727440582 -2.0015625725609012 0.5877852522924732
1.0954915028125232 -1.8974469421312810 0.5877852522924732
1.2878274987298393 -1.7725424859373711 0.5877852522924732
1.4660537870758414 -1.6282176833391697 0.5877852522924732
1.6282176833391626 -1.4660537870758492 0.5877852522924732
1.7725424859373646 -1.2878274987298477 0.5877852522924732
1.8974469421312756 -1.0954915028125323 0.5877852522924732
2.0015625725608968 -0.8911530727440679 0.5877852522924732
2.0837486645916448 -0.6770509831248501 0.5877852522924732
2.1431047702006856 -0.4555309812524898 0.5877852522924732
2.1789805714739026 -0.2290200866235408 0.5877852522924732
2.0489434837048464 0.0000000000000000 0.3090169943749475
2.0377191569166166 0.2141729136739400 0.3090169943749475
2.0041691526250611 0.4259993040871047 0.3090169943749475
1.9486610516979868 0.6331583569786057 0.3090169943749475
1.8718030125049687 0.8333803944141447 0.3090169943749475
1.7744371078069840 1.0244717418524230 0.3090169943749475
1.6576300988310289 1.2043387625024720 0.3090169943749475
1.5226617476108821 1.3710107956464552 0.3090169943749475
1.3710107956464552 1.5226617476108821 0.3090169943749475
1.2043387625024717 1.6576300988310289 0.3090169943749475
1.0244717418524230 1.7744371078069840 0.3090169943749475
0.8333803944141448 1.8718030125049687 0.3090169943749475
0.6331583569786058 1.9486610516979868 0.3090169943749475
0.4259993040871050 2.0041691526250607 0.3090169943749475
0.2141729136739404 2.0377191569166166 0.3090169943749475
0.0000000000000006 2.0489434837048464 0.3090169943749475
-0.2141729136739392 2.0377191569166166 0.3090169943749475
-0.4259993040871038 2.0041691526250611 0.3090169943749475
-0.6331583569786047 1.9486610516979872 0.3090169943749475
-0.8333803944141436 1.8718030125049692 0.3090169943749475
-1.0244717418524221 1.7744371078069847 0.3090169943749475
-1.2043387625024711 1.6576300988310293 0.3090169943749475
-1.3710107956464546 1.5226617476108826 0.3090169943749475
-1.5226617476108817 1.3710107956464557 0.3090169943749475
-1.6576300988310286 1.2043387625024722 0.3090169943749475
-1.7744371078069840 1.0244717418524230 0.3090169943749475
-1.8718030125049689 0.8333803944141445 0.3090169943749475
-1.9486610516979870 0.6331583569786050 0.3090169943749475
-2.0041691526250611 0.4259993040871038 0.3090169943749475
-2.0377191569166166 0.2141729136739387 0.3090169943749475
-2.0489434837048464 -0.0000000000000016 0.3090169943749475
-2.0377191569166166 -0.2141729136739418 0.3090169943749475
-2.0041691526250607 -0.4259993040871068 0.3090169943749475
-1.9486610516979861 -0.6331583569786080 0.3090169943749475
-1.8718030125049676 -0.8333803944141472 0.3090169943749475
-1.7744371078069825 -1.0244717418524258 0.3090169943749475
-1.6576300988310269 -1.2043387625024746 0.3090169943749475
-1.5226617476108797 -1.3710107956464579 0.3090169943749475
-1.3710107956464523 -1.5226617476108848 0.3090169943749475
-1.2043387625024693 -1.6576300988310306 0.3090169943749475
-1.0244717418524207 -1.7744371078069852 0.3090169943749475
-0.8333803944141428 -1.8718030125049696 0.3090169943749475
-0.6331583569786042 -1.9486610516979872 0.3090169943749475
-0.4259993040871039 -2.0041691526250611 0.3090169943749475
-0.2141729136739397 -2.0377191569166166 0.3090169943749475
-0.0000000000000004 -2.0489434837048464 0.3090169943749475
0.2141729136739390 -2.0377191569166166 0.3090169943749475
0.4259993040871031 -2.0041691526250611 0.3090169943749475
0.6331583569786036 -1.9486610516979876 0.3090169943749475
0.8333803944141421 -1.8718030125049698 0.3090169943749475
1.0244717418524203 -1.7744371078069856 0.3090169943749475
1.2043387625024689 -1.6576300988310313 0.3090169943749475
1.3710107956464519 -1.5226617476108855 0.3090169943749475
1.5226617476108788 -1.3710107956464590 0.3090169943749475
1.6576300988310253 -1.2043387625024766 0.3090169943749475
1.7744371078069807 -1.0244717418524290 0.3090169943749475
1.8718030125049658 -0.8333803944141512 0.3090169943749475
1.9486610516979845 -0.6331583569786130 0.3090169943749475
2.0041691526250593 -0.4259993040871130 0.3090169943749475
2.0377191569166158 -0.2141729136739489 0.3090169943749475
2.0000000000000000 0.0000000000000000 0.0000000000000001
1.9890437907365466 0.2090569265353069 0.0000000000000001
1.9562952014676114 0.4158233816355186 0.0000000000000001
1.9021130325903071 0.6180339887498948 0.0000000000000001
1.8270909152852017 0.8134732861516003 0.0000000000000001
1.7320508075688774 0.9999999999999999 0.0000000000000001
1.6180339887498949 1.1755705045849463 0.0000000000000001
1.4862896509547885 1.3382612127177165 0.0000000000000001
1.3382612127177165 1.4862896509547885 0.0000000000000001
1.1755705045849461 1.6180339887498949 0.0000000000000001
0.9999999999999998 1.7320508075688774 0.0000000000000001
0.8134732861516004 1.8270909152852017 0.0000000000000001
0.6180339887498949 1.9021130325903071 0.0000000000000001
0.4158233816355189 1.9562952014676112 0.0000000000000001
0.2090569265353074 1.9890437907365466 0.0000000000000001
0.0000000000000006 2.0000000000000000 0.0000000000000001
-0.2090569265353062 1.9890437907365468 0.0000000000000001
-0.4158233816355178 1.9562952014676114 0.0000000000000001
-0.6180339887498939 1.9021130325903075 0.0000000000000001
-0.8134732861515993 1.8270909152852022 0.0000000000000001
-0.9999999999999989 1.7320508075688781 0.0000000000000001
-1.1755705045849454 1.6180339887498953 0.0000000000000001
-1.3382612127177158 1.4862896509547889 0.0000000000000001
-1.4862896509547880 1.3382612127177169 0.0000000000000001
-1.6180339887498947 1.1755705045849465 0.0000000000000001
-1.7320508075688774 0.9999999999999999 0.0000000000000001
-1.8270909152852020 0.8134732861516001 0.0000000000000001
-1.9021130325903073 0.6180339887498942 0.0000000000000001
-1.9562952014676114 0.4158233816355177 0.0000000000000001
-1.9890437907365468 0.2090569265353057 0.0000000000000001
-2.0000000000000000 -0.0000000000000015 0.0000000000000001
-1.9890437907365466 -0.2090569265353087 0.0000000000000001
-1.9562952014676109 -0.4158233816355207 0.0000000000000001
-1.9021130325903064 -0.6180339887498971 0.0000000000000001
-1.8270909152852006 -0.8134732861516029 0.0000000000000001
-1.7320508075688759 -1.0000000000000027 0.0000000000000001
-1.6180339887498929 -1.1755705045849489 0.0000000000000001
-1.4862896509547860 -1.3382612127177191 0.0000000000000001
-1.3382612127177136 -1.4862896509547909 0.0000000000000001
-1.1755705045849436 -1.6180339887498967 0.0000000000000001
-0.9999999999999977 -1.7320508075688785 0.0000000000000001
-0.8134732861515985 -1.8270909152852026 0.0000000000000001
-0.6180339887498935 -1.9021130325903075 0.0000000000000001
-0.4158233816355179 -1.9562952014676114 0.0000000000000001
-0.2090569265353067 -1.9890437907365468 0.0000000000000001
-0.0000000000000004 -2.0000000000000000 0.0000000000000001
0.2090569265353060 -1.9890437907365468 0.0000000000000001
0.4158233816355171 -1.9562952014676116 0.0000000000000001
0.6180339887498928 -1.9021130325903077 0.0000000000000001
0.8134732861515979 -1.8270909152852028 0.0000000000000001
0.9999999999999971 -1.7320508075688790 0.0000000000000001
1.1755705045849432 -1.6180339887498971 0.0000000000000001
1.3382612127177131 -1.4862896509547916 0.0000000000000001
1.4862896509547852 -1.3382612127177202 0.0000000000000001
1.6180339887498913 -1.1755705045849509 0.0000000000000001
1.7320508075688741 -1.0000000000000056 0.0000000000000001
1.8270909152851988 -0.8134732861516067 0.0000000000000001
1.9021130325903048 -0.6180339887499020 0.0000000000000001
1.9562952014676096 -0.4158233816355267 0.0000000000000001
1.9890437907365457 -0.2090569265353157 0.0000000000000001
2.0489434837048464 0.0000000000000000 -0.3090169943749473
2.0377191569166166 0.2141729136739400 -0.3090169943749473
2.0041691526250611 0.4259993040871047 -0.3090169943749473
1.9486610516979868 0.6331583569786057 -0.3090169943749473
1.8718030125049687 0.8333803944141447 -0.3090169943749473
1.7744371078069840 1.0244717418524230 -0.3090169943749473
1.6576300988310289 1.2043387625024720 -0.3090169943749473
1.5226617476108821 1.3710107956464552 -0.3090169943749473
1.3710107956464552 1.5226617476108821 -0.3090169943749473
1.2043387625024717 1.6576300988310289 -0.3090169943749473
1.0244717418524230 1.7744371078069840 -0.3090169943749473
0.8333803944141448 1.8718030125049687 -0.3090169943749473
0.6331583569786058 1.9486610516979868 -0.3090169943749473
0.4259993040871050 2.0041691526250607 -0.3090169943749473
0.2141729136739404 2.0377191569166166 -0.3090169943749473
0.0000000000000006 2.0489434837048464 -0.3090169943749473
-0.2141729136739392 2.0377191569166166 -0.3090169943749473
-0.4259993040871038 2.0041691526250611 -0.3090169943749473
-0.6331583569786047 1.9486610516979872 -0.3090169943749473
-0.8333803944141436 1.8718030125049692 -0.3090169943749473
-1.0244717418524221 1.7744371078069847 -0.3090169943749473
-1.2043387625024711 1.6576300988310293 -0.3090169943749473
-1.3710107956464546 1.5226617476108826 -0.3090169943749473
-1.5226617476108817 1.3710107956464557 -0.3090169943749473
-1.6576300988310286 1.2043387625024722 -0.3090169943749473
-1.7744371078069840 1.0244717418524230 -0.3090169943749473
-1.8718030125049689 0.8333803944141445 -0.3090169943749473
-1.9486610516979870 0.6331583569786050 -0.3090169943749473
-2.0041691526250611 0.4259993040871038 -0.3090169943749473
-2.0377191569166166 0.2141729136739387 -0.3090169943749473
-2.0489434837048464 -0.0000000000000016 -0.3090169943749473
-2.0377191569166166 -0.2141729136739418 -0.3090169943749473
-2.0041691526250607 -0.4259993040871068 -0.3090169943749473
-1.9486610516979861 -0.6331583569786080 -0.3090169943749473
-1.8718030125049676 -0.8333803944141472 -0.3090169943749473
-1.7744371078069825 -1.0244717418524258 -0.3090169943749473
-1.6576300988310269 -1.2043387625024746 -0.3090169943749473
-1.5226617476108797 -1.3710107956464579 -0.3090169943749473
-1.3710107956464523 -1.5226617476108848 -0.3090169943749473
-1.2043387625024693 -1.6576300988310306 -0.3090169943749473
-1.0244717418524207 -1.7744371078069852 -0.3090169943749473
-0.8333803944141428 -1.8718030125049696 -0.3090169943749473
-0.6331583569786042 -1.9486610516979872 -0.3090169943749473
-0.4259993040871039 -2.0041691526250611 -0.3090169943749473
-0.2141729136739397 -2.0377191569166166 -0.3090169943749473
-0.0000000000000004 -2.0489434837048464 -0.3090169943749473
0.2141729136739390 -2.0377191569166166 -0.3090169943749473
0.4259993040871031 -2.0041691526250611 -0.3090169943749473
0.6331583569786036 -1.9486610516979876 -0.3090169943749473
0.8333803944141421 -1.8718030125049698 -0.3090169943749473
1.0244717418524203 -1.7744371078069856 -0.3090169943749473
1.2043387625024689 -1.6576300988310313 -0.3090169943749473
1.3710107956464519 -1.5226617476108855 -0.3090169943749473
1.5226617476108788 -1.3710107956464590 -0.3090169943749473
1.6576300988310253 -1.2043387625024766 -0.3090169943749473
1.7744371078069807 -1.0244717418524290 -0.3090169943749473
1.8718030125049658 -0.8333803944141512 -0.3090169943749473
1.9486610516979845 -0.6331583569786130 -0.3090169943749473
2.0041691526250593 -0.4259993040871130 -0.3090169943749473
2.0377191569166158 -0.2141729136739489 -0.3090169943749473
2.1909830056250525 0.0000000000000000 -0.5877852522924730
2.1789805714739034 0.2290200866235313 -0.5877852522924730
2.1431047702006873 0.4555309812524809 -0.5877852522924730
2.0837486645916474 0.6770509831248422 -0.5877852522924730
2.0015625725608999 0.8911530727440609 -0.5877852522924730
1.8974469421312792 1.0954915028125261 -0.5877852522924730
1.7725424859373686 1.2878274987298426 -0.5877852522924730
1.6282176833391664 1.4660537870758452 -0.5877852522924730
1.4660537870758452 1.6282176833391664 -0.5877852522924730
1.2878274987298424 1.7725424859373686 -0.5877852522924730
1.0954915028125261 1.8974469421312792 -0.5877852522924730
0.8911530727440610 2.0015625725608999 -0.5877852522924730
0.6770509831248424 2.0837486645916474 -0.5877852522924730
0.4555309812524813 2.1431047702006873 -0.5877852522924730
0.2290200866235318 2.1789805714739034 -0.5877852522924730
0.0000000000000006 2.1909830056250525 -0.5877852522924730
-0.2290200866235305 2.1789805714739039 -0.5877852522924730
-0.4555309812524800 2.1431047702006873 -0.5877852522924730
-0.6770509831248412 2.0837486645916479 -0.5877852522924730
-0.8911530727440597 2.0015625725609003 -0.5877852522924730
-1.0954915028125252 1.8974469421312801 -0.5877852522924730
-1.2878274987298417 1.7725424859373691 -0.5877852522924730
-1.4660537870758443 1.6282176833391668 -0.5877852522924730
-1.6282176833391659 1.4660537870758457 -0.5877852522924730
-1.7725424859373684 1.2878274987298428 -0.5877852522924730
-1.8974469421312792 1.0954915028125261 -0.5877852522924730
-2.0015625725608999 0.8911530727440606 -0.5877852522924730
-2.0837486645916474 0.6770509831248416 -0.5877852522924730
-2.1431047702006873 0.4555309812524800 -0.5877852522924730
-2.1789805714739039 0.2290200866235300 -0.5877852522924730
-2.1909830056250525 -0.0000000000000017 -0.5877852522924730
-2.1789805714739034 -0.2290200866235333 -0.5877852522924730
-2.1431047702006869 -0.4555309812524833 -0.5877852522924730
-2.0837486645916465 -0.6770509831248448 -0.5877852522924730
-2.0015625725608985 -0.8911530727440636 -0.5877852522924730
-1.8974469421312776 -1.0954915028125292 -0.5877852522924730
-1.7725424859373664 -1.2878274987298455 -0.5877852522924730
-1.6282176833391637 -1.4660537870758481 -0.5877852522924730
-1.4660537870758419 -1.6282176833391691 -0.5877852522924730
-1.2878274987298397 -1.7725424859373706 -0.5877852522924730
-1.0954915028125236 -1.8974469421312805 -0.5877852522924730
-0.8911530727440589 -2.0015625725609008 -0.5877852522924730
-0.6770509831248407 -2.0837486645916479 -0.5877852522924730
-0.4555309812524801 -2.1431047702006873 -0.5877852522924730
-0.2290200866235311 -2.1789805714739039 -0.5877852522924730
-0.0000000000000004 -2.1909830056250525 -0.5877852522924730
0.2290200866235302 -2.1789805714739039 -0.5877852522924730
0.4555309812524793 -2.1431047702006878 -0.5877852522924730
0.6770509831248400 -2.0837486645916479 -0.5877852522924730
0.8911530727440582 -2.0015625725609012 -0.5877852522924730
1.0954915028125232 -1.8974469421312810 -0.5877852522924730
1.2878274987298393 -1.7725424859373711 -0.5877852522924730
1.4660537870758414 -1.6282176833391697 -0.5877852522924730
1.6282176833391626 -1.4660537870758492 -0.5877852522924730
1.7725424859373646 -1.2878274987298477 -0.5877852522924730
1.8974469421312756 -1.0954915028125323 -0.5877852522924730
2.0015625725608968 -0.8911530727440679 -0.5877852522924730
2.0837486645916448 -0.6770509831248501 -0.5877852522924730
2.1431047702006856 -0.4555309812524898 -0.5877852522924730
2.1789805714739026 -0.2290200866235408 -0.5877852522924730
2.4122147477075266 0.0000000000000000 -0.8090169943749473
2.3990003829253905 0.2521451006494381 -0.8090169943749473
2.3595020679248195 0.5015276468114066 -0.8090169943749473
2.2941525545105130 0.7454153511235019 -0.8090169943749473
2.2036678256267033 0.9811361288604976 -0.8090169943749473
2.0890392508981885 1.2061073738537631 -0.8090169943749473
1.9515227249772653 1.4178642540648929 -0.8090169943749473
1.7926249076991065 1.6140867168013175 -0.8090169943749473
1.6140867168013175 1.7926249076991065 -0.8090169943749473
1.4178642540648927 1.9515227249772653 -0.8090169943749473
1.2061073738537631 2.0890392508981885 -0.8090169943749473
0.9811361288604977 2.2036678256267033 -0.8090169943749473
0.7454153511235020 2.2941525545105130 -0.8090169943749473
0.5015276468114069 2.3595020679248195 -0.8090169943749473
0.2521451006494387 2.3990003829253905 -0.8090169943749473
0.0000000000000007 2.4122147477075266 -0.8090169943749473
-0.2521451006494373 2.3990003829253910 -0.8090169943749473
-0.5015276468114056 2.3595020679248195 -0.8090169943749473
-0.7454153511235009 2.2941525545105135 -0.8090169943749473
-0.9811361288604964 2.2036678256267042 -0.8090169943749473
-1.2061073738537620 2.0890392508981894 -0.8090169943749473
-1.4178642540648918 1.9515227249772660 -0.8090169943749473
-1.6140867168013167 1.7926249076991070 -0.8090169943749473
-1.7926249076991059 1.6140867168013180 -0.8090169943749473
-1.9515227249772651 1.4178642540648934 -0.8090169943749473
-2.0890392508981885 1.2061073738537631 -0.8090169943749473
-2.2036678256267037 0.9811361288604973 -0.8090169943749473
-2.2941525545105130 0.7454153511235012 -0.8090169943749473
-2.3595020679248195 0.5015276468114055 -0.8090169943749473
-2.3990003829253910 0.2521451006494367 -0.8090169943749473
-2.4122147477075266 -0.0000000000000018 -0.8090169943749473
-2.3990003829253905 -0.2521451006494403 -0.8090169943749473
-2.3595020679248191 -0.5015276468114092 -0.8090169943749473
-2.2941525545105121 -0.7454153511235048 -0.8090169943749473
-2.2036678256267019 -0.9811361288605006 -0.8090169943749473
-2.0890392508981868 -1.2061073738537664 -0.8090169943749473
-1.9515227249772629 -1.4178642540648962 -0.8090169943749473
-1.7926249076991034 -1.6140867168013207 -0.8090169943749473
-1.6140867168013140 -1.7926249076991094 -0.8090169943749473
-1.4178642540648898 -1.9515227249772675 -0.8090169943749473
-1.2061073738537604 -2.0890392508981899 -0.8090169943749473
-0.9811361288604954 -2.2036678256267046 -0.8090169943749473
-0.7454153511235003 -2.2941525545105135 -0.8090169943749473
-0.5015276468114056 -2.3595020679248195 -0.8090169943749473
-0.2521451006494379 -2.3990003829253910 -0.8090169943749473
-0.0000000000000004 -2.4122147477075266 -0.8090169943749473
0.2521451006494370 -2.3990003829253910 -0.8090169943749473
0.5015276468114047 -2.3595020679248200 -0.8090169943749473
0.7454153511234995 -2.2941525545105139 -0.8090169943749473
0.9811361288604946 -2.2036678256267046 -0.8090169943749473
1.2061073738537598 -2.0890392508981908 -0.8090169943749473
1.4178642540648891 -1.9515227249772680 -0.8090169943749473
1.6140867168013135 -1.7926249076991103 -0.8090169943749473
1.7926249076991025 -1.6140867168013222 -0.8090169943749473
1.9515227249772611 -1.4178642540648987 -0.8090169943749473
2.0890392508981845 -1.2061073738537700 -0.8090169943749473
2.2036678256266997 -0.9811361288605054 -0.8090169943749473
2.2941525545105104 -0.7454153511235106 -0.8090169943749473
2.3595020679248173 -0.5015276468114163 -0.8090169943749473
2.3990003829253896 -0.2521451006494487 -0.8090169943749473
2.6909830056250525 0.0000000000000000 -0.9510565162951535
2.6762415191580402 0.2812843182573580 -0.9510565162951535
2.6321785705675902 0.5594868266613606 -0.9510565162951535
2.5592769227392238 0.8315594803123159 -0.9510565162951535
2.4583353013822000 1.0945213942819609 -0.9510565162951535
2.3304596440234988 1.3454915028125261 -0.9510565162951535
2.1770509831248424 1.5817201248760793 -0.9510565162951535
1.9997900960778634 1.8006190902552743 -0.9510565162951535
1.8006190902552743 1.9997900960778634 -0.9510565162951535
1.5817201248760788 2.1770509831248424 -0.9510565162951535
1.3454915028125261 2.3304596440234988 -0.9510565162951535
1.0945213942819612 2.4583353013822000 -0.9510565162951535
0.8315594803123161 2.5592769227392238 -0.9510565162951535
0.5594868266613610 2.6321785705675902 -0.9510565162951535
0.2812843182573586 2.6762415191580402 -0.9510565162951535
0.0000000000000008 2.6909830056250525 -0.9510565162951535
-0.2812843182573571 2.6762415191580402 -0.9510565162951535
-0.5594868266613595 2.6321785705675902 -0.9510565162951535
-0.8315594803123147 2.5592769227392247 -0.9510565162951535
-1.0945213942819596 2.4583353013822009 -0.9510565162951535
-1.3454915028125247 2.3304596440234997 -0.9510565162951535
-1.5817201248760779 2.1770509831248428 -0.9510565162951535
-1.8006190902552734 1.9997900960778641 -0.9510565162951535
-1.9997900960778630 1.8006190902552748 -0.9510565162951535
-2.1770509831248419 1.5817201248760795 -0.9510565162951535
-2.3304596440234988 1.3454915028125261 -0.9510565162951535
-2.4583353013822005 1.0945213942819607 -0.9510565162951535
-2.5592769227392242 0.8315594803123152 -0.9510565162951535
-2.6321785705675902 0.5594868266613594 -0.9510565162951535
-2.6762415191580402 0.2812843182573564 -0.9510565162951535
-2.6909830056250525 -0.0000000000000021 -0.9510565162951535
-2.6762415191580402 -0.2812843182573604 -0.9510565162951535
-2.6321785705675897 -0.5594868266613634 -0.9510565162951535
-2.5592769227392229 -0.8315594803123191 -0.9510565162951535
-2.4583353013821987 -1.0945213942819643 -0.9510565162951535
-2.3304596440234966 -1.3454915028125298 -0.9510565162951535
-2.1770509831248397 -1.5817201248760828 -0.9510565162951535
-1.9997900960778603 -1.8006190902552779 -0.9510565162951535
-1.8006190902552703 -1.9997900960778667 -0.9510565162951535
-1.5817201248760755 -2.1770509831248446 -0.9510565162951535
-1.3454915028125232 -2.3304596440235001 -0.9510565162951535
-1.0945213942819585 -2.4583353013822014 -0.9510565162951535
-0.8315594803123141 -2.5592769227392247 -0.9510565162951535
-0.5594868266613595 -2.6321785705675902 -0.9510565162951535
-0.2812843182573577 -2.6762415191580402 -0.9510565162951535
-0.0000000000000005 -2.6909830056250525 -0.9510565162951535
0.2812843182573567 -2.6762415191580402 -0.9510565162951535
0.5594868266613586 -2.6321785705675906 -0.9510565162951535
0.8315594803123132 -2.5592769227392247 -0.9510565162951535
1.0945213942819576 -2.4583353013822018 -0.9510565162951535
1.3454915028125225 -2.3304596440235006 -0.9510565162951535
1.5817201248760751 -2.1770509831248455 -0.9510565162951535
1.8006190902552697 -1.9997900960778676 -0.9510565162951535
1.9997900960778590 -1.8006190902552792 -0.9510565162951535
2.1770509831248375 -1.5817201248760855 -0.9510565162951535
2.3304596440234944 -1.3454915028125338 -0.9510565162951535
2.4583353013821965 -1.0945213942819696 -0.9510565162951535
2.5592769227392211 -0.8315594803123256 -0.9510565162951535
2.6321785705675880 -0.5594868266613714 -0.9510565162951535
2.6762415191580389 -0.2812843182573698 -0.9510565162951535
3.0000000000000000 0.0000000000000000 -1.0000000000000000
2.9835656861048196 0.3135853898029604 -1.0000000000000000
2.9344428022014171 0.6237350724532780 -1.0000000000000000
2.8531695488854605 0.9270509831248421 -1.0000000000000000
2.7406363729278027 1.2202099292274005 -1.0000000000000000
2.5980762113533160 1.4999999999999998 -1.0000000000000000
2.4270509831248424 1.7633557568774194 -1.0000000000000000
2.2294344764321830 2.0073918190765747 -1.0000000000000000
2.0073918190765747 2.2294344764321830 -1.0000000000000000
1.7633557568774192 2.4270509831248424 -1.0000000000000000
1.4999999999999996 2.5980762113533160 -1.0000000000000000
1.2202099292274007 2.7406363729278027 -1.0000000000000000
0.9270509831248424 2.8531695488854605 -1.0000000000000000
0.6237350724532784 2.9344428022014166 -1.0000000000000000
0.3135853898029610 2.9835656861048196 -1.0000000000000000
0.0000000000000008 3.0000000000000000 -1.0000000000000000
-0.3135853898029594 2.9835656861048201 -1.0000000000000000
-0.6237350724532766 2.9344428022014171 -1.0000000000000000
-0.9270509831248408 2.8531695488854614 -1.0000000000000000
-1.2202099292273989 2.7406363729278032 -1.0000000000000000
-1.4999999999999982 2.5980762113533169 -1.0000000000000000
-1.7633557568774181 2.4270509831248432 -1.0000000000000000
-2.0073918190765738 2.2294344764321834 -1.0000000000000000
-2.2294344764321821 2.0073918190765756 -1.0000000000000000
-2.4270509831248419 1.7633557568774196 -1.0000000000000000
-2.5980762113533160 1.4999999999999998 -1.0000000000000000
-2.7406363729278027 1.2202099292274000 -1.0000000000000000
-2.8531695488854609 0.9270509831248414 -1.0000000000000000
-2.9344428022014171 0.6237350724532766 -1.0000000000000000
-2.9835656861048201 0.3135853898029586 -1.0000000000000000
-3.0000000000000000 -0.0000000000000023 -1.0000000000000000
-2.9835656861048196 -0.3135853898029631 -1.0000000000000000
-2.9344428022014162 -0.6237350724532811 -1.0000000000000000
-2.8531695488854596 -0.9270509831248457 -1.0000000000000000
-2.7406363729278009 -1.2202099292274042 -1.0000000000000000
-2.5980762113533138 -1.5000000000000040 -1.0000000000000000
-2.4270509831248392 -1.7633557568774234 -1.0000000000000000
-2.2294344764321790 -2.0073918190765787 -1.0000000000000000
-2.0073918190765703 -2.2294344764321865 -1.0000000000000000
-1.7633557568774154 -2.4270509831248450 -1.0000000000000000
-1.4999999999999964 -2.5980762113533178 -1.0000000000000000
-1.2202099292273978 -2.7406363729278040 -1.0000000000000000
-0.9270509831248401 -2.8531695488854614 -1.0000000000000000
-0.6237350724532768 -2.9344428022014171 -1.0000000000000000
-0.3135853898029601 -2.9835656861048201 -1.0000000000000000
-0.0000000000000006 -3.0000000000000000 -1.0000000000000000
0.3135853898029590 -2.9835656861048201 -1.0000000000000000
0.6237350724532758 -2.9344428022014175 -1.0000000000000000
0.9270509831248392 -2.8531695488854618 -1.0000000000000000
1.2202099292273969 -2.7406363729278045 -1.0000000000000000
1.4999999999999956 -2.5980762113533187 -1.0000000000000000
1.7633557568774147 -2.4270509831248459 -1.0000000000000000
2.0073918190765698 -2.2294344764321874 -1.0000000000000000
2.2294344764321776 -2.0073918190765805 -1.0000000000000000
2.4270509831248370 -1.7633557568774263 -1.0000000000000000
2.5980762113533111 -1.5000000000000084 -1.0000000000000000
2.7406363729277983 -1.2202099292274102 -1.0000000000000000
2.8531695488854574 -0.9270509831248530 -1.0000000000000000
2.9344428022014144 -0.6237350724532900 -1.0000000000000000
2.9835656861048188 -0.3135853898029735 -1.0000000000000000
3.3090169943749475 0.0000000000000000 -0.9510565162951536
3.2908898530515995 0.3458864613485628 -0.9510565162951536
3.2367070338352439 0.6879833182451953 -0.9510565162951536
3.1470621750316972 1.0225424859373684 -0.9510565162951536
3.0229374444734050 1.3458984641728400 -0.9510565162951536
2.8656927786831337 1.6545084971874735 -0.9510565162951536
2.6770509831248424 1.9449913888787596 -0.9510565162951536
2.4590788567865021 2.2141645478978753 -0.9510565162951536
2.2141645478978753 2.4590788567865021 -0.9510565162951536
1.9449913888787593 2.6770509831248424 -0.9510565162951536
1.6545084971874733 2.8656927786831337 -0.9510565162951536
1.3458984641728402 3.0229374444734050 -0.9510565162951536
1.0225424859373686 3.1470621750316972 -0.9510565162951536
0.6879833182451958 3.2367070338352435 -0.9510565162951536
0.3458864613485635 3.2908898530515995 -0.9510565162951536
0.0000000000000009 3.3090169943749475 -0.9510565162951536
-0.3458864613485616 3.2908898530516000 -0.9510565162951536
-0.6879833182451939 3.2367070338352439 -0.9510565162951536
-1.0225424859373671 3.1470621750316981 -0.9510565162951536
-1.3458984641728384 3.0229374444734058 -0.9510565162951536
-1.6545084971874719 2.8656927786831345 -0.9510565162951536
-1.9449913888787582 2.6770509831248432 -0.9510565162951536
-2.2141645478978740 2.4590788567865025 -0.9510565162951536
-2.4590788567865012 2.2141645478978758 -0.9510565162951536
-2.6770509831248419 1.9449913888787600 -0.9510565162951536
-2.8656927786831337 1.6545084971874735 -0.9510565162951536
-3.0229374444734054 1.3458984641728395 -0.9510565162951536
-3.1470621750316976 1.0225424859373675 -0.9510565162951536
-3.2367070338352439 0.6879833182451938 -0.9510565162951536
-3.2908898530516000 0.3458864613485608 -0.9510565162951536
-3.3090169943749475 -0.0000000000000025 -0.9510565162951536
-3.2908898530515995 -0.3458864613485658 -0.9510565162951536
-3.2367070338352431 -0.6879833182451988 -0.9510565162951536
-3.1470621750316963 -1.0225424859373724 -0.9510565162951536
-3.0229374444734032 -1.3458984641728442 -0.9510565162951536
-2.8656927786831310 -1.6545084971874782 -0.9510565162951536
-2.6770509831248392 -1.9449913888787640 -0.9510565162951536
-2.4590788567864981 -2.2141645478978798 -0.9510565162951536
-2.2141645478978704 -2.4590788567865061 -0.9510565162951536
-1.9449913888787553 -2.6770509831248455 -0.9510565162951536
-1.6545084971874700 -2.8656927786831354 -0.9510565162951536
-1.3458984641728371 -3.0229374444734063 -0.9510565162951536
-1.0225424859373662 -3.1470621750316981 -0.9510565162951536
-0.6879833182451940 -3.2367070338352439 -0.9510565162951536
-0.3458864613485624 -3.2908898530516000 -0.9510565162951536
-0.0000000000000006 -3.3090169943749475 -0.9510565162951536
0.3458864613485612 -3.2908898530516000 -0.9510565162951536
0.6879833182451928 -3.2367070338352444 -0.9510565162951536
1.0225424859373651 -3.1470621750316985 -0.9510565162951536
1.3458984641728360 -3.0229374444734067 -0.9510565162951536
1.6545084971874688 -2.8656927786831363 -0.9510565162951536
1.9449913888787544 -2.6770509831248459 -0.9510565162951536
2.2141645478978695 -2.4590788567865070 -0.9510565162951536
2.4590788567864963 -2.2141645478978815 -0.9510565162951536
2.6770509831248366 -1.9449913888787673 -0.9510565162951536
2.8656927786831279 -1.6545084971874828 -0.9510565162951536
3.0229374444734001 -1.3458984641728506 -0.9510565162951536
3.1470621750316936 -1.0225424859373804 -0.9510565162951536
3.2367070338352408 -0.6879833182452086 -0.9510565162951536
3.2908898530515982 -0.3458864613485772 -0.9510565162951536
3.5877852522924729 0.0000000000000000 -0.8090169943749476
3.5681309892842488 0.3750256789564825 -0.8090169943749476
3.5093835364780142 0.7459424980951492 -0.8090169943749476
3.4121865432604079 1.1086866151261823 -0.8090169943749476
3.2776049202289013 1.4592837295943031 -0.8090169943749476
3.1071131718084430 1.7938926261462362 -0.8090169943749476
2.9025792412724192 2.1088472596899455 -0.8090169943749476
2.6662440451652585 2.4006969213518317 -0.8090169943749476
2.4006969213518317 2.6662440451652585 -0.8090169943749476
2.1088472596899450 2.9025792412724192 -0.8090169943749476
1.7938926261462360 3.1071131718084430 -0.8090169943749476
1.4592837295943033 3.2776049202289013 -0.8090169943749476
1.1086866151261825 3.4121865432604079 -0.8090169943749476
0.7459424980951497 3.5093835364780137 -0.8090169943749476
0.3750256789564834 3.5681309892842488 -0.8090169943749476
0.0000000000000010 3.5877852522924729 -0.8090169943749476
-0.3750256789564813 3.5681309892842492 -0.8090169943749476
-0.7459424980951478 3.5093835364780142 -0.8090169943749476
-1.1086866151261807 3.4121865432604084 -0.8090169943749476
-1.4592837295943013 3.2776049202289022 -0.8090169943749476
-1.7938926261462345 3.1071131718084444 -0.8090169943749476
-2.1088472596899441 2.9025792412724196 -0.8090169943749476
-2.4006969213518303 2.6662440451652594 -0.8090169943749476
-2.6662440451652580 2.4006969213518325 -0.8090169943749476
-2.9025792412724187 2.1088472596899459 -0.8090169943749476
-3.1071131718084430 1.7938926261462362 -0.8090169943749476
-3.2776049202289017 1.4592837295943029 -0.8090169943749476
-3.4121865432604084 1.1086866151261814 -0.8090169943749476
-3.5093835364780142 0.7459424980951477 -0.8090169943749476
-3.5681309892842492 0.3750256789564804 -0.8090169943749476
-3.5877852522924729 -0.0000000000000027 -0.8090169943749476
-3.5681309892842488 -0.3750256789564858 -0.8090169943749476
-3.5093835364780133 -0.7459424980951530 -0.8090169943749476
-3.4121865432604066 -1.1086866151261865 -0.8090169943749476
-3.2776049202288995 -1.4592837295943077 -0.8090169943749476
-3.1071131718084404 -1.7938926261462413 -0.8090169943749476
-2.9025792412724152 -2.1088472596899503 -0.8090169943749476
-2.6662440451652545 -2.4006969213518365 -0.8090169943749476
-2.4006969213518263 -2.6662440451652629 -0.8090169943749476
-2.1088472596899406 -2.9025792412724223 -0.8090169943749476
-1.7938926261462322 -3.1071131718084453 -0.8090169943749476
-1.4592837295943000 -3.2776049202289030 -0.8090169943749476
-1.1086866151261798 -3.4121865432604084 -0.8090169943749476
-0.7459424980951478 -3.5093835364780142 -0.8090169943749476
-0.3750256789564822 -3.5681309892842492 -0.8090169943749476
-0.0000000000000007 -3.5877852522924729 -0.8090169943749476
0.3750256789564809 -3.5681309892842492 -0.8090169943749476
0.7459424980951466 -3.5093835364780146 -0.8090169943749476
1.1086866151261787 -3.4121865432604088 -0.8090169943749476
1.4592837295942989 -3.2776049202289035 -0.8090169943749476
1.7938926261462314 -3.1071131718084462 -0.8090169943749476
2.1088472596899401 -2.9025792412724232 -0.8090169943749476
2.4006969213518254 -2.6662440451652643 -0.8090169943749476
2.6662440451652527 -2.4006969213518383 -0.8090169943749476
2.9025792412724125 -2.1088472596899539 -0.8090169943749476
3.1071131718084373 -1.7938926261462464 -0.8090169943749476
3.2776049202288964 -1.4592837295943146 -0.8090169943749476
3.4121865432604039 -1.1086866151261954 -0.8090169943749476
3.5093835364780110 -0.7459424980951637 -0.8090169943749476
3.5681309892842470 -0.3750256789564982 -0.8090169943749476
3.8090169943749475 0.0000000000000000 -0.5877852522924734
3.7881508007357363 0.3981506929823895 -0.5877852522924734
3.7257808342021468 0.7919391636540749 -0.5877852522924734
3.6225904331792740 1.1770509831248421 -0.5877852522924734
3.4797101732947056 1.5492667857107401 -0.5877852522924734
3.2987054805753528 1.9045084971874735 -0.5877852522924734
3.0815594803123161 2.2388840150249960 -0.5877852522924734
2.8306512695251991 2.5487298510773044 -0.5877852522924734
2.5487298510773044 2.8306512695251991 -0.5877852522924734
2.2388840150249960 3.0815594803123161 -0.5877852522924734
1.9045084971874733 3.2987054805753528 -0.5877852522924734
1.5492667857107403 3.4797101732947056 -0.5877852522924734
1.1770509831248424 3.6225904331792740 -0.5877852522924734
0.7919391636540755 3.7257808342021463 -0.5877852522924734
0.3981506929823903 3.7881508007357363 -0.5877852522924734
0.0000000000000011 3.8090169943749475 -0.5877852522924734
-0.3981506929823881 3.7881508007357367 -0.5877852522924734
-0.7919391636540734 3.7257808342021468 -0.5877852522924734
-1.1770509831248406 3.6225904331792749 -0.5877852522924734
-1.5492667857107383 3.4797101732947064 -0.5877852522924734
-1.9045084971874715 3.2987054805753542 -0.5877852522924734
-2.2388840150249947 3.0815594803123170 -0.5877852522924734
-2.5487298510773031 2.8306512695252000 -0.5877852522924734
-2.8306512695251982 2.5487298510773053 -0.5877852522924734
-3.0815594803123156 2.2388840150249965 -0.5877852522924734
-3.2987054805753528 1.9045084971874735 -0.5877852522924734
-3.4797101732947060 1.5492667857107396 -0.5877852522924734
-3.6225904331792744 1.1770509831248410 -0.5877852522924734
-3.7257808342021468 0.7919391636540732 -0.5877852522924734
-3.7881508007357367 0.3981506929823872 -0.5877852522924734
-3.8090169943749475 -0.0000000000000029 -0.5877852522924734
-3.7881508007357363 -0.3981506929823930 -0.5877852522924734
-3.7257808342021459 -0.7919391636540790 -0.5877852522924734
-3.6225904331792727 -1.1770509831248466 -0.5877852522924734
-3.4797101732947033 -1.5492667857107449 -0.5877852522924734
-3.2987054805753502 -1.9045084971874788 -0.5877852522924734
-3.0815594803123121 -2.2388840150250013 -0.5877852522924734
-2.8306512695251946 -2.5487298510773093 -0.5877852522924734
-2.5487298510772987 -2.8306512695252040 -0.5877852522924734
-2.2388840150249911 -3.0815594803123196 -0.5877852522924734
-1.9045084971874693 -3.2987054805753551 -0.5877852522924734
-1.5492667857107367 -3.4797101732947073 -0.5877852522924734
-1.1770509831248397 -3.6225904331792749 -0.5877852522924734
-0.7919391636540735 -3.7257808342021468 -0.5877852522924734
-0.3981506929823891 -3.7881508007357367 -0.5877852522924734
-0.0000000000000007 -3.8090169943749475 -0.5877852522924734
0.3981506929823877 -3.7881508007357367 -0.5877852522924734
0.7919391636540721 -3.7257808342021472 -0.5877852522924734
1.1770509831248384 -3.6225904331792753 -0.5877852522924734
1.5492667857107354 -3.4797101732947073 -0.5877852522924734
1.9045084971874682 -3.2987054805753560 -0.5877852522924734
2.2388840150249902 -3.0815594803123205 -0.5877852522924734
2.5487298510772978 -2.8306512695252048 -0.5877852522924734
2.8306512695251929 -2.5487298510773115 -0.5877852522924734
3.0815594803123094 -2.2388840150250049 -0.5877852522924734
3.2987054805753466 -1.9045084971874844 -0.5877852522924734
3.4797101732946998 -1.5492667857107523 -0.5877852522924734
3.6225904331792695 -1.1770509831248559 -0.5877852522924734
3.7257808342021432 -0.7919391636540902 -0.5877852522924734
3.7881508007357345 -0.3981506929824061 -0.5877852522924734
3.9510565162951536 0.0000000000000000 -0.3090169943749477
3.9294122152930231 0.4129978659319808 -0.3090169943749477
3.8647164517777730 0.8214708408194512 -0.3090169943749477
3.7576780460729342 1.2209436092710788 -0.3090169943749477
3.6094697333506365 1.6070394640406562 -0.3090169943749477
3.4217153148996480 1.9755282581475766 -0.3090169943749477
3.1964718674186559 2.3223727512523671 -0.3090169943749477
2.9362072052534831 2.6437728425066944 -0.3090169943749477
2.6437728425066944 2.9362072052534831 -0.3090169943749477
2.3223727512523666 3.1964718674186559 -0.3090169943749477
1.9755282581475764 3.4217153148996480 -0.3090169943749477
1.6070394640406565 3.6094697333506365 -0.3090169943749477
1.2209436092710790 3.7576780460729342 -0.3090169943749477
0.8214708408194518 3.8647164517777726 -0.3090169943749477
0.4129978659319817 3.9294122152930231 -0.3090169943749477
0.0000000000000011 3.9510565162951536 -0.3090169943749477
-0.4129978659319794 3.9294122152930235 -0.3090169943749477
-0.8214708408194495 3.8647164517777730 -0.3090169943749477
-1.2209436092710770 3.7576780460729351 -0.3090169943749477
-1.6070394640406542 3.6094697333506374 -0.3090169943749477
-1.9755282581475746 3.4217153148996493 -0.3090169943749477
-2.3223727512523653 3.1964718674186567 -0.3090169943749477
-2.6437728425066931 2.9362072052534840 -0.3090169943749477
-2.9362072052534822 2.6437728425066953 -0.3090169943749477
-3.1964718674186554 2.3223727512523675 -0.3090169943749477
-3.4217153148996480 1.9755282581475766 -0.3090169943749477
-3.6094697333506369 1.6070394640406558 -0.3090169943749477
-3.7576780460729347 1.2209436092710777 -0.3090169943749477
-3.8647164517777730 0.8214708408194494 -0.3090169943749477
-3.9294122152930235 0.4129978659319785 -0.3090169943749477
-3.9510565162951536 -0.0000000000000030 -0.3090169943749477
-3.9294122152930231 -0.4129978659319844 -0.3090169943749477
-3.8647164517777721 -0.8214708408194553 -0.3090169943749477
-3.7576780460729329 -1.2209436092710833 -0.3090169943749477
-3.6094697333506343 -1.6070394640406613 -0.3090169943749477
-3.4217153148996453 -1.9755282581475822 -0.3090169943749477
-3.1964718674186519 -2.3223727512523720 -0.3090169943749477
-2.9362072052534782 -2.6437728425066993 -0.3090169943749477
-2.6437728425066886 -2.9362072052534880 -0.3090169943749477
-2.3223727512523618 -3.1964718674186594 -0.3090169943749477
-1.9755282581475722 -3.4217153148996502 -0.3090169943749477
-1.6070394640406527 -3.6094697333506383 -0.3090169943749477
-1.2209436092710761 -3.7576780460729351 -0.3090169943749477
-0.8214708408194497 -3.8647164517777730 -0.3090169943749477
-0.4129978659319804 -3.9294122152930235 -0.3090169943749477
-0.0000000000000007 -3.9510565162951536 -0.3090169943749477
0.4129978659319790 -3.9294122152930235 -0.3090169943749477
0.8214708408194482 -3.8647164517777735 -0.3090169943749477
1.2209436092710748 -3.7576780460729355 -0.3090169943749477
1.6070394640406513 -3.6094697333506387 -0.3090169943749477
1.9755282581475710 -3.4217153148996511 -0.3090169943749477
2.3223727512523609 -3.1964718674186603 -0.3090169943749477
2.6437728425066878 -2.9362072052534893 -0.3090169943749477
2.9362072052534764 -2.6437728425067015 -0.3090169943749477
3.1964718674186487 -2.3223727512523760 -0.3090169943749477
3.4217153148996418 -1.9755282581475877 -0.3090169943749477
3.6094697333506307 -1.6070394640406691 -0.3090169943749477
3.7576780460729298 -1.2209436092710930 -0.3090169943749477
3.8647164517777695 -0.8214708408194671 -0.3090169943749477
3.9294122152930213 -0.4129978659319981 -0.3090169943749477
0 1 61
0 61 60
60 61 121
60 121 120
120 121 181
120 181 180
180 181 241
180 241 240
240 241 301
240 301 300
300 301 361
300 361 360
360 361 421
360 421 420
420 421 481
420 481 480
480 481 541
480 541 540
540 541 601
540 601 600
600 601 661
600 661 660
660 661 721
660 721 720
720 721 781
720 781 780
780 781 841
780 841 840
840 841 901
840 901 900
900 901 961
900 961 960
960 961 1021
960 1021 1020
1020 1021 1081
1020 1081 1080
1080 1081 1141
1080 1141 1140
1140 1141 1
1140 1 0
1 2 62
1 62 61
61 62 122
61 122 121
121 122 182
121 182 181
181 182 242
181 242 241
241 242 302
241 302 301
301 302 362
301 362 361
361 362 422
361 422 421
421 422 482
421 482 481
481 482 542
481 542 541
541 542 602
541 602 601
601 602 662
601 662 661
661 662 722
661 722 721
721 722 782
721 782 781
781 782 842
781 842 841
841 842 902
841 902 901
901 902 962
901 962 961
961 962 1022
961 1022 1021
1021 1022 1082
1021 1082 1081
1081 1082 1142
1081 1142 1141
1141 1142 2
1141 2 1
2 3 63
2 63 62
62 63 123
62 123 122
122 123 183
122 183 182
182 183 243
182 243 242
242 243 303
242 303 302
302 303 363
302 363 362
362 363 423
362 423 422
422 423 483
422 483 482
482 483 543
482 543 542
542 543 603
542 603 602
602 603 663
602 663 662
662 663 723
662 723 722
722 723 783
722 783 782
782 783 843
782 843 842
842 843 903
842 903 902
902 903 963
902 963 962
962 963 1023
962 1023 1022
1022 1023 1083
1022 1083 1082
1082 1083 1143
1082 1143 1142
1142 1143 3
1142 3 2
3 4 64
3 64 63
63 64 124
63 124 123
123 124 184
123 184 183
183 184 244
183 244 243
243 244 304
243 304 303
303 304 364
303 364 363
363 364 424
363 424 423
423 424 484
423 484 483
483 484 544
483 544 543
543 544 604
543 604 603
603 604 664
603 664 663
663 664 724
663 724 723
723 724 784
723 784 783
783 784 844
783 844 843
843 844 904
843 904 903
903 904 964
903 964 963
963 964 1024
963 1024 1023
1023 1024 1084
1023 1084 1083
1083 1084 1144
1083 1144 1143
1143 1144 4
1143 4 3
4 5 65
4 65 64
64 65 125
64 125 124
124 125 185
124 185 184
184 185 245
184 245 244
244 245 305
244 305 304
304 305 365
304 365 364
364 365 425
364 425 424
424 425 485
424 485 484
484 485 545
484 545 544
544 545 605
544 605 604
604 605 665
604 665 664
664 665 725
664 725 724
724 725 785
724 785 784
784 785 845
784 845 844
844 845 905
844 905 904
904 905 965
904 965 964
964 965 1025
964 1025 1024
1024 1025 1085
1024 1085 1084
1084 1085 1145
1084 1145 1144
1144 1145 5
1144 5 4
5 6 66
5 66 65
65 66 126
65 126 125
125 126 186
125 186 185
185 186 246
185 246 245
245 246 306
245 306 305
305 306 366
305 366 365
365 366 426
365 426 425
425 426 486
425 486 485
485 486 546
485 546 545
545 546 606
545 606 605
605 606 666
605 666 665
665 666 726
665 726 725
725 726 786
725 786 785
785 786 846
785 846 845
845 846 906
845 906 905
905 906 966
905 966 965
965 966 1026
965 1026 1025
1025 1026 1086
1025 1086 1085
1085 1086 1146
1085 1146 1145
1145 1146 6
1145 6 5
6 7 67
6 67 66
66 67 127
66 127 126
126 127 187
126 187 186
186 187 247
186 247 246
246 247 307
246 307 306
306 307 367
306 367 366
366 367 427
366 427 426
426 427 487
426 487 486
486 487 547
486 547 546
546 547 607
546 607 606
606 607 667
606 667 666
666 667 727
666 727 726
726 727 787
726 787 786
786 787 847
786 847 846
846 847 907
846 907 906
906 907 967
906 967 966
966 967 1027
966 1027 1026
1026 1027 1087
1026 1087 1086
1086 1087 1147
1086 1147 1146
1146 1147 7
1146 7 6
7 8 68
7 68 67
67 68 128
67 128 127
127 128 188
127 188 187
187 188 248
187 248 247
247 248 308
247 308 307
307 308 368
307 368 367
367 368 428
367 428 427
427 428 488
427 488 487
487 488 548
487 548 547
547 548 608
547 608 607
607 608 668
607 668 667
667 668 728
667 728 727
727 728 788
727 788 787
787 788 848
787 848 847
847 848 908
847 908 907
907 908 968
907 968 967
967 968 1028
967 1028 1027
1027 1028 1088
1027 1088 1087
1087 1088 1148
1087 1148 1147
1147 1148 8
1147 8 7
8 9 69
8 69 68
68 69 129
68 129 128
128 129 189
128 189 188
188 189 249
188 249 248
248 249 309
248 309 308
308 309 369
308 369 368
368 369 429
368 429 428
428 429 489
428 489 488
488 489 549
488 549 548
548 549 609
548 609 608
608 609 669
608 669 668
668 669 729
668 729 728
728 729 789
728 789 788
788 789 849
788 849 848
848 849 909
848 909 908
908 909 969
908 969 968
968 969 1029
968 1029 1028
1028 1029 1089
1028 1089 1088
1088 1089 1149
1088 1149 1148
1148 1149 9
1148 9 8
9 10 70
9 70 69
69 70 130
69 130 129
129 130 190
129 190 189
189 190 250
189 250 249
249 250 310
249 310 309
309 310 370
309 370 369
369 370 430
369 430 429
429 430 490
429 490 489
489 490 550
489 550 549
549 550 610
549 610 609
609 610 670
609 670 669
669 670 730
669 730 729
729 730 790
729 790 789
789 790 850
789 850 849
849 850 910
849 910 909
909 910 970
909 970 969
969 970 1030
969 1030 1029
1029 1030 1090
1029 1090 1089
1089 1090 1150
1089 1150 1149
1149 1150 10
1149 10 9
10 11 71
10 71 70
70 71 131
70 131 130
130 131 191
130 191 190
190 191 251
190 251 250
250 251 311
250 311 310
310 311 371
310 371 370
370 371 431
370 431 430
430 431 491
430 491 490
490 491 551
490 551 550
550 551 611
550 611 610
610 611 671
610 671 670
670 671 731
670 731 730
730 731 791
730 791 790
790 791 851
790 851 850
850 851 911
850 911 910
910 911 971
910 971 970
970 971 1031
970 1031 1030
1030 1031 1091
1030 1091 1090
1090 1091 1151
1090 1151 1150
1150 1151 11
1150 11 10
11 12 72
11 72 71
71 72 132
71 132 131
131 132 192
131 192 191
191 192 252
191 252 251
251 252 312
251 312 311
311 312 372
311 372 371
371 372 432
371 432 431
431 432 492
431 492 491
491 492 552
491 552 551
551 552 612
551 612 611
611 612 672
611 672 671
671 672 732
671 732 731
731 732 792
731 792 791
791 792 852
791 852 851
851 852 912
851 912 911
911 912 972
911 972 971
971 972 1032
971 1032 1031
1031 1032 1092
1031 1092 1091
1091 1092 1152
1091 1152 1151
1151 1152 12
1151 12 11
12 13 73
12 73 72
72 73 133
72 133 132
132 133 193
132 193 192
192 193 253
192 253 252
252 253 313
252 313 312
312 313 373
312 373 372
372 373 433
372 433 432
432 433 493
432 493 492
492 493 553
492 553 552
552 553 613
552 613 612
612 613 673
612 673 672
672 673 733
672 733 732
732 733 793
732 793 792
792 793 853
792 853 852
852 853 913
852 913 912
912 913 973
912 973 972
972 973 1033
972 1033 1032
1032 1033 1093
1032 1093 1092
1092 1093 1153
1092 1153 1152
1152 1153 13
1152 13 12
13 14 74
13 74 73
73 74 134
73 134 133
133 134 194
133 194 193
193 194 254
193 254 253
253 254 314
253 314 313
313 314 374
313 374 373
373 374 434
373 434 433
433 434 494
433 494 493
493 494 554
493 554 553
553 554 614
553 614 613
613 614 674
613 674 673
673 674 734
673 734 733
733 734 794
733 794 793
793 794 854
793 854 853
853 854 914
853 914 913
913 914 974
913 974 973
973 974 1034
973 1034 1033
1033 1034 1094
1033 1094 1093
1093 1094 1154
1093 1154 1153
1153 1154 14
1153 14 13
14 15 75
14 75 74
74 75 135
74 135 134
134 135 195
134 195 194
194 195 255
194 255 254
254 255 315
254 315 314
314 315 375
314 375 374
374 375 435
374 435 434
434 435 495
434 495 494
494 495 555
494 555 554
554 555 615
554 615 614
614 615 675
614 675 674
674 675 735
674 735 734
734 735 795
734 795 794
794 795 855
794 855 854
854 855 915
854 915 914
914 915 975
914 975 974
974 975 1035
974 1035 1034
1034 1035 1095
1034 1095 1094
1094 1095 1155
1094 1155 1154
1154 1155 15
1154 15 14
15 16 76
15 76 75
75 76 136
75 136 135
135 136 196
135 196 195
195 196 256
195 256 255
255 256 316
255 316 315
315 316 376
315 376 375
375 376 436
375 436 435
435 436 496
435 496 495
495 496 556
495 556 555
555 556 616
555 616 615
615 616 676
615 676 675
675 676 736
675 736 735
735 736 796
735 796 795
795 796 856
795 856 855
855 856 916
855 916 915
915 916 976
915 976 975
975 976 1036
975 1036 1035
1035 1036 1096
1035 1096 1095
1095 1096 1156
1095 1156 1155
1155 1156 16
1155 16 15
16 17 77
16 77 76
76 77 137
76 137 136
136 137 197
136 197 196
196 197 257
196 257 256
256 257 317
256 317 316
316 317 377
316 377 376
376 377 437
376 437 436
436 437 497
436 497 496
496 497 557
496 557 556
556 557 617
556 617 616
616 617 677
616 677 676
676 677 737
676 737 736
736 737 797
736 797 796
796 797 857
796 857 856
856 857 917
856 917 916
916 917 977
916 977 976
976 977 1037
976 1037 1036
1036 1037 1097
1036 1097 1096
1096 1097 1157
1096 1157 1156
1156 1157 17
1156 17 16
17 18 78
17 78 77
77 78 138
77 138 137
137 138 198
137 198 197
197 198 258
197 258 257
257 258 318
257 318 317
317 318 378
317 378 377
377 378 438
377 438 437
437 438 498
437 498 497
497 498 558
497 558 557
557 558 618
557 618 617
617 618 678
617 678 677
677 678 738
677 738 737
737 738 798
737 798 797
797 798 858
797 858 857
857 858 918
857 918 917
917 918 978
917 978 977
977 978 1038
977 1038 1037
1037 1038 1098
1037 1098 1097
1097 1098 1158
1097 1158 1157
1157 1158 18
1157 18 17
18 19 79
18 79 78
78 79 139
78 139 138
138 139 199
138 199 198
198 199 259
198 259 258
258 259 319
258 319 318
318 319 379
318 379 378
378 379 439
378 439 438
438 439 499
438 499 498
498 499 559
498 559 558
558 559 619
558 619 618
618 619 679
618 679 678
678 679 739
678 739 738
738 739 799
738 799 798
798 799 859
798 859 858
858 859 919
858 919 918
918 919 979
918 979 978
978 979 1039
978 1039 1038
1038 1039 1099
1038 1099 1098
1098 1099 1159
1098 1159 1158
1158 1159 19
1158 19 18
19 20 80
19 80 79
79 80 140
79 140 139
139 140 200
139 200 199
199 200 260
199 260 259
259 260 320
259 320 319
319 320 380
319 380 379
379 380 440
379 440 439
439 440 500
439 500 499
499 500 560
499 560 559
559 560 620
559 620 619
619 620 680
619 680 679
679 680 740
679 740 739
739 740 800
739 800 799
799 800 860
799 860 859
859 860 920
859 920 919
919 920 980
919 980 979
979 980 1040
979 1040 1039
1039 1040 1100
1039 1100 1099
1099 1100 1160
1099 1160 1159
1159 1160 20
1159 20 19
20 21 81
20 81 80
80 81 141
80 141 140
140 141 201
140 201 200
200 201 261
200 261 260
260 261 321
260 321 320
320 321 381
320 381 380
380 381 441
380 441 440
440 441 501
440 501 500
500 501 561
500 561 560
560 561 621
560 621 620
620 621 681
620 681 680
680 681 741
680 741 740
740 741 801
740 801 800
800 801 861
800 861 860
860 861 921
860 921 920
920 921 981
920 981 980
980 981 1041
980 1041 1040
1040 1041 1101
1040 1101 1100
1100 1101 1161
1100 1161 1160
1160 1161 21
1160 21 20
21 22 82
21 82 81
81 82 142
81 142 141
141 142 202
141 202 201
201 202 262
201 262 261
261 262 322
261 322 321
321 322 382
321 382 381
381 382 442
381 442 441
441 442 502
441 502 501
501 502 562
501 562 561
561 562 622
561 622 621
621 622 682
621 682 681
681 682 742
681 742 741
741 742 802
741 802 801
801 802 862
801 862 861
861 862 922
861 922 921
921 922 982
921 982 981
981 982 1042
981 1042 1041
1041 1042 1102
1041 1102 1101
1101 1102 1162
1101 1162 1161
1161 1162 22
1161 22 21
22 23 83
22 83 82
82 83 143
82 143 142
142 143 203
142 203 202
202 203 263
202 263 262
262 263 323
262 323 322
322 323 383
322 383 382
382 383 443
382 443 442
442 443 503
442 503 502
502 503 563
502 563 562
562 563 623
562 623 622
622 623 683
622 683 682
682 683 743
682 743 742
742 743 803
742 803 802
802 803 863
802 863 862
862 863 923
862 923 922
922 923 983
922 983 982
982 983 1043
982 1043 1042
1042 1043 1103
1042 1103 1102
1102 1103 1163
1102 1163 1162
1162 1163 23
1162 23 22
23 24 84
23 84 83
83 84 144
83 144 143
143 144 204
143 204 203
203 204 264
203 264 263
263 264 324
263 324 323
323 324 384
323 384 383
383 384 444
383 444 443
443 444 504
443 504 503
503 504 564
503 564 563
563 564 624
563 624 623
623 624 684
623 684 683
683 684 744
683 744 743
743 744 804
743 804 803
803 804 864
803 864 863
863 864 924
863 924 923
923 924 984
923 984 983
983 984 1044
983 1044 1043
1043 1044 1104
1043 1104 1103
1103 1104 1164
1103 1164 1163
1163 1164 24
1163 24 23
24 25 85
24 85 84
84 85 145
84 145 144
144 145 205
144 205 204
204 205 265
204 265 264
264 265 325
264 325 324
324 325 385
324 385 384
384 385 445
384 445 444
444 445 505
444 505 504
504 505 565
504 565 564
564 565 625
564 625 624
624 625 685
624 685 684
684 685 745
684 745 744
744 745 805
744 805 804
804 805 865
804 865 864
864 865 925
864 925 924
924 925 985
924 985 984
984 985 1045
984 1045 1044
1044 1045 1105
1044 1105 1104
1104 1105 1165
1104 1165 1164
1164 1165 25
1164 25 24
25 26 86
25 86 85
85 86 146
85 146 145
145 146 206
145 206 205
205 206 266
205 266 265
265 266 326
265 326 325
325 326 386
325 386 385
385 386 446
385 446 445
445 446 506
445 506 505
505 506 566
505 566 565
565 566 626
565 626 625
625 626 686
625 686 685
685 686 746
685 746 745
745 746 806
745 806 805
805 806 866
805 866 865
865 866 926
865 926 925
925 926 986
925 986 985
985 986 1046
985 1046 1045
1045 1046 1106
1045 1106 1105
1105 1106 1166
1105 1166 1165
1165 1166 26
1165 26 25
26 27 87
26 87 86
86 87 147
86 147 146
146 147 207
146 207 206
206 207 267
206 267 266
266 267 327
266 327 326
326 327 387
326 387 386
386 387 447
386 447 446
446 447 507
446 507 506
506 507 567
506 567 566
566 567 627
566 627 626
626 627 687
626 687 686
686 687 747
686 747 746
746 747 807
746 807 806
806 807 867
806 867 866
866 867 927
866 927 926
926 927 987
926 987 986
986 987 1047
986 1047 1046
1046 1047 1107
1046 1107 1106
1106 1107 1167
1106 1167 1166
1166 1167 27
1166 27 26
27 28 88
27 88 87
87 88 148
87 148 147
147 148 208
147 208 207
207 208 268
207 268 267
267 268 328
267 328 327
327 328 388
327 388 387
387 388 448
387 448 447
447 448 508
447 508 507
507 508 568
507 568 567
567 568 628
567 628 627
627 628 688
627 688 687
687 688 748
687 748 747
747 748 808
747 808 807
807 808 868
807 868 867
867 868 928
867 928 927
927 928 988
927 988 987
987 988 1048
987 1048 1047
1047 1048 1108
1047 1108 1107
1107 1108 1168
1107 1168 1167
1167 1168 28
1167 28 27
28 29 89
28 89 88
88 89 149
88 149 148
148 149 209
148 209 208
208 209 269
208 269 268
268 269 329
268 329 328
328 329 389
328 389 388
388 389 449
388 449 448
448 449 509
448 509 508
508 509 569
508 569 568
568 569 629
568 629 628
628 629 689
628 689 688
688 689 749
688 749 748
748 749 809
748 809 808
808 809 869
808 869 868
868 869 929
868 929 928
928 929 989
928 989 988
988 989 1049
988 1049 1048
1048 1049 1109
1048 1109 1108
1108 1109 1169
1108 1169 1168
1168 1169 29
1168 29 28
29 30 90
29 90 89
89 90 150
89 150 149
149 150 210
149 210 209
209 210 270
209 270 269
269 270 330
269 330 329
329 330 390
329 390 389
389 390 450
389 450 449
449 450 510
449 510 509
509 510 570
509 570 569
569 570 630
569 630 629
629 630 690
629 690 689
689 690 750
689 750 749
749 750 810
749 810 809
809 810 870
809 870 869
869 870 930
869 930 929
929 930 990
929 990 989
989 990 1050
989 1050 1049
1049 1050 1110
1049 1110 1109
1109 1110 1170
1109 1170 1169
1169 1170 30
1169 30 29
30 31 91
30 91 90
90 91 151
90 151 150
150 151 211
150 211 210
210 211 271
210 271 270
270 271 331
270 331 330
330 331 391
330 391 390
390 391 451
390 451 450
450 451 511
450 511 510
510 511 571
510 571 570
570 571 631
570 631 630
630 631 691
630 691 690
690 691 751
690 751 750
750 751 811
750 811 810
810 811 871
810 871 870
870 871 931
870 931 930
930 931 991
930 991 990
990 991 1051
990 1051 1050
1050 1051 1111
1050 1111 1110
1110 1111 1171
1110 1171 1170
1170 1171 31
1170 31 30
31 32 92
31 92 91
91 92 152
91 152 151
151 152 212
151 212 211
211 212 272
211 272 271
271 272 332
271 332 331
331 332 392
331 392 391
391 392 452
391 452 451
451 452 512
451 512 511
511 512 572
511 572 571
571 572 632
571 632 631
631 632 692
631 692 691
691 692 752
691 752 751
751 752 812
751 812 811
811 812 872
811 872 871
871 872 932
871 932 931
931 932 992
931 992 991
991 992 1052
991 1052 1051
1051 1052 1112
1051 1112 1111
1111 1112 1172
1111 1172 1171
1171 1172 32
1171 32 31
32 33 93
32 93 92
92 93 153
92 153 152
152 153 213
152 213 212
212 213 273
212 273 272
272 273 333
272 333 332
332 333 393
332 393 392
392 393 453
392 453 452
452 453 513
452 513 512
512 513 573
512 573 572
572 573 633
572 633 632
632 633 693
632 693 692
692 693 753
692 753 752
752 753 813
752 813 812
812 813 873
812 873 872
872 873 933
872 933 932
932 933 993
932 993 992
992 993 1053
992 1053 1052
1052 1053 1113
1052 1113 1112
1112 1113 1173
1112 1173 1172
1172 1173 33
1172 33 32
33 34 94
33 94 93
93 94 154
93 154 153
153 154 214
153 214 213
213 214 274
213 274 273
273 274 334
273 334 333
333 334 394
333 394 393
393 394 454
393 454 453
453 454 514
453 514 513
513 514 574
513 574 573
573 574 634
573 634 633
633 634 694
633 694 693
693 694 754
693 754 753
753 754 814
753 814 813
813 814 874
813 874 873
873 874 934
873 934 933
933 934 994
933 994 993
993 994 1054
993 1054 1053
1053 1054 1114
1053 1114 1113
1113 1114 1174
1113 1174 1173
1173 1174 34
1173 34 33
34 35 95
34 95 94
94 95 155
94 155 154
154 155 215
154 215 214
214 215 275
214 275 274
274 275 335
274 335 334
334 335 395
334 395 394
394 395 455
394 455 454
454 455 515
454 515 514
514 515 575
514 575 574
574 575 635
574 635 634
634 635 695
634 695 694
694 695 755
694 755 754
754 755 815
754 815 814
814 815 875
814 875 874
874 875 935
874 935 934
934 935 995
934 995 994
994 995 1055
994 1055 1054
1054 1055 1115
1054 1115 1114
1114 1115 1175
1114 1175 1174
1174 1175 35
1174 35 34
35 36 96
35 96 95
95 96 156
95 156 155
155 156 216
155 216 215
215 216 276
215 276 275
275 276 336
275 336 335
335 336 396
335 396 395
395 396 456
395 456 455
455 456 516
455 516 515
515 516 576
515 576 575
575 576 636
575 636 635
635 636 696
635 696 695
695 696 756
695 756 755
755 756 816
755 816 815
815 816 876
815 876 875
875 876 936
875 936 935
935 936 996
935 996 995
995 996 1056
995 1056 1055
1055 1056 1116
1055 1116 1115
1115 1116 1176
1115 1176 1175
1175 1176 36
1175 36 35
36 37 97
36 97 96
96 97 157
96 157 156
156 157 217
156 217 216
216 217 277
216 277 276
276 277 337
276 337 336
336 337 397
336 397 396
396 397 457
396 457 456
456 457 517
456 517 516
516 517 577
516 577 576
576 577 637
576 637 636
636 637 697
636 697 696
696 697 757
696 757 756
756 757 817
756 817 816
816 817 877
816 877 876
876 877 937
876 937 936
936 937 997
936 997 996
996 997 1057
996 1057 1056
1056 1057 1117
1056 1117 1116
1116 1117 1177
1116 1177 1176
1176 1177 37
1176 37 36
37 38 98
37 98 97
97 98 158
97 158 157
157 158 218
157 218 217
217 218 278
217 278 277
277 278 338
277 338 337
337 338 398
337 398 397
397 398 458
397 458 457
457 458 518
457 518 517
517 518 578
517 578 577
577 578 638
577 638 637
637 638 698
637 698 697
697 698 758
697 758 757
757 758 818
757 818 817
817 818 878
817 878 877
877 878 938
877 938 937
937 938 998
937 998 997
997 998 1058
997 1058 1057
1057 1058 1118
1057 1118 1117
1117 1118 1178
1117 1178 1177
1177 1178 38
1177 38 37
38 39 99
38 99 98
98 99 159
98 159 158
158 159 219
158 219 218
218 219 279
218 279 278
278 279 339
278 339 338
338 339 399
338 399 398
398 399 459
398 459 458
458 459 519
458 519 518
518 519 579
518 579 578
578 579 639
578 639 638
638 639 699
638 699 698
698 699 759
698 759 758
758 759 819
758 819 818
818 819 879
818 879 878
878 879 939
878 939 938
938 939 999
938 999 998
998 999 1059
998 1059 1058
1058 1059 1119
1058 1119 1118
1118 1119 1179
1118 1179 1178
1178 1179 39
1178 39 38
39 40 100
39 100 99
99 100 160
99 160 159
159 160 220
159 220 219
219 220 280
219 280 279
279 280 340
279 340 339
339 340 400
339 400 399
399 400 460
399 460 459
459 460 520
459 520 519
519 520 580
519 580 579
579 580 640
579 640 639
639 640 700
639 700 699
699 700 760
699 760 759
759 760 820
759 820 819
819 820 880
819 880 879
879 880 940
879 940 939
939 940 1000
939 1000 999
999 1000 1060
999 1060 1059
1059 1060 1120
1059 1120 1119
1119 1120 1180
1119 1180 1179
1179 1180 40
1179 40 39
40 41 101
40 101 100
100 101 161
100 161 160
160 161 221
160 221 220
220 221 281
220 281 280
280 281 341
280 341 340
340 341 401
340 401 400
400 401 461
400 461 460
460 461 521
460 521 520
520 521 581
520 581 580
580 581 641
580 641 640
640 641 701
640 701 700
700 701 761
700 761 760
760 761 821
760 821 820
820 821 881
820 881 880
880 881 941
880 941 940
940 941 1001
940 1001 1000
1000 1001 1061
1000 1061 1060
1060 1061 1121
1060 1121 1120
1120 1121 1181
1120 1181 1180
1180 1181 41
1180 41 40
41 42 102
41 102 101
101 102 162
101 162 161
161 162 222
161 222 221
221 222 282
221 282 281
281 282 342
281 342 341
341 342 402
341 402 401
401 402 462
401 462 461
461 462 522
461 522 521
521 522 582
521 582 581
581 582 642
581 642 641
641 642 702
641 702 701
701 702 762
701 762 761
761 762 822
761 822 821
821 822 882
821 882 881
881 882 942
881 942 941
941 942 1002
941 1002 1001
1001 1002 1062
1001 1062 1061
1061 1062 1122
1061 1122 1121
1121 1122 1182
1121 1182 1181
1181 1182 42
1181 42 41
42 43 103
42 103 102
102 103 163
102 163 162
162 163 223
162 223 222
222 223 283
222 283 282
282 283 343
282 343 342
342 343 403
342 403 402
402 403 463
402 463 462
462 463 523
462 523 522
522 523 583
522 583 582
582 583 643
582 643 642
642 643 703
642 703 702
702 703 763
702 763 762
762 763 823
762 823 822
822 823 883
822 883 882
882 883 943
882 943 942
942 943 1003
942 1003 1002
1002 1003 1063
1002 1063 1062
1062 1063 1123
1062 1123 1122
1122 1123 1183
1122 1183 1182
1182 1183 43
1182 43 42
43 44 104
43 104 103
103 104 164
103 164 163
163 164 224
163 224 223
223 224 284
223 284 283
283 284 344
283 344 343
343 344 404
343 404 403
403 404 464
403 464 463
463 464 524
463 524 523
523 524 584
523 584 583
583 584 644
583 644 643
643 644 704
643 704 703
703 704 764
703 764 763
763 764 824
763 824 823
823 824 884
823 884 883
883 884 944
883 944 943
943 944 1004
943 1004 1003
1003 1004 1064
1003 1064 1063
1063 1064 1124
1063 1124 1123
1123 1124 1184
1123 1184 1183
1183 1184 44
1183 44 43
44 45 105
44 105 104
104 105 165
104 165 164
164 165 225
164 225 224
224 225 285
224 285 284
284 285 345
284 345 344
344 345 405
344 405 404
404 405 465
404 465 464
464 465 525
464 525 524
524 525 585
524 585 584
584 585 645
584 645 644
644 645 705
644 705 704
704 705 765
704 765 764
764 765 825
764 825 824
824 825 885
824 885 884
884 885 945
884 945 944
944 945 1005
944 1005 1004
1004 1005 1065
1004 1065 1064
1064 1065 1125
1064 1125 1124
1124 1125 1185
1124 1185 1184
1184 1185 45
1184 45 44
45 46 106
45 106 105
105 106 166
105 166 165
165 166 226
165 226 225
225 226 286
225 286 285
285 286 346
285 346 345
345 346 406
345 406 405
405 406 466
405 466 465
465 466 526
465 526 525
525 526 586
525 586 585
585 586 646
585 646 645
645 646 706
645 706 705
705 706 766
705 766 765
765 766 826
765 826 825
825 826 886
825 886 885
885 886 946
885 946 945
945 946 1006
945 1006 1005
1005 1006 1066
1005 1066 1065
1065 1066 1126
1065 1126 1125
1125 1126 1186
1125 1186 1185
1185 1186 46
1185 46 45
46 47 107
46 107 106
106 107 167
106 167 166
166 167 227
166 227 226
226 227 287
226 287 286
286 287 347
286 347 346
346 347 407
346 407 406
406 407 467
406 467 466
466 467 527
466 527 526
526 527 587
526 587 586
586 587 647
586 647 646
646 647 707
646 707 706
706 707 767
706 767 766
766 767 827
766 827 826
826 827 887
826 887 886
886 887 947
886 947 946
946 947 1007
946 1007 1006
1006 1007 1067
1006 1067 1066
1066 1067 1127
1066 1127 1126
1126 1127 1187
1126 1187 1186
1186 1187 47
1186 47 46
47 48 108
47 108 107
107 108 168
107 168 167
167 168 228
167 228 227
227 228 288
227 288 287
287 288 348
287 348 347
347 348 408
347 408 407
407 408 468
407 468 467
467 468 528
467 528 527
527 528 588
527 588 587
587 588 648
587 648 647
647 648 708
647 708 707
707 708 768
707 768 767
767 768 828
767 828 827
827 828 888
827 888 887
887 888 948
887 948 947
947 948 1008
947 1008 1007
1007 1008 1068
1007 1068 1067
1067 1068 1128
1067 1128 1127
1127 1128 1188
1127 1188 1187
1187 1188 48
1187 48 47
48 49 109
48 109 108
108 109 169
108 169 168
168 169 229
168 229 228
228 229 289
228 289 288
288 289 349
288 349 348
348 349 409
348 409 408
408 409 469
408 469 468
468 469 529
468 529 528
528 529 589
528 589 588
588 589 649
588 649 648
648 649 709
648 709 708
708 709 769
708 769 768
768 769 829
768 829 828
828 829 889
828 889 888
888 889 949
888 949 948
948 949 1009
948 1009 1008
1008 1009 1069
1008 1069 1068
1068 1069 1129
1068 1129 1128
1128 1129 1189
1128 1189 1188
1188 1189 49
1188 49 48
49 50 110
49 110 109
109 110 170
109 170 169
169 170 230
169 230 229
229 230 290
229 290 289
289 290 350
289 350 349
349 350 410
349 410 409
409 410 470
409 470 469
469 470 530
469 530 529
529 530 590
529 590 589
589 590 650
589 650 649
649 650 710
649 710 709
709 710 770
709 770 769
769 770 830
769 830 829
829 830 890
829 890 889
889 890 950
889 950 949
949 950 1010
949 1010 1009
1009 1010 1070
1009 1070 1069
1069 1070 1130
1069 1130 1129
1129 1130 1190
1129 1190 1189
1189 1190 50
1189 50 49
50 51 111
50 111 110
110 111 171
110 171 170
170 171 231
170 231 230
230 231 291
230 291 290
290 291 351
290 351 350
350 351 411
350 411 410
410 411 471
410 471 470
470 471 531
470 531 530
530 531 591
530 591 590
590 591 651
590 651 650
650 651 711
650 711 710
710 711 771
710 771 770
770 771 831
770 831 830
830 831 891
830 891 890
890 891 951
890 951 950
950 951 1011
950 1011 1010
1010 1011 1071
1010 1071 1070
1070 1071 1131
1070 1131 1130
1130 1131 1191
1130 1191 1190
1190 1191 51
1190 51 50
51 52 112
51 112 111
111 112 172
111 172 171
171 172 232
171 232 231
231 232 292
231 292 291
291 292 352
291 352 351
351 352 412
351 412 411
411 412 472
411 472 471
471 472 532
471 532 531
531 532 592
531 592 591
591 592 652
591 652 651
651 652 712
651 712 711
711 712 772
711 772 771
771 772 832
771 832 831
831 832 892
831 892 891
891 892 952
891 952 951
951 952 1012
951 1012 1011
1011 1012 1072
1011 1072 1071
1071 1072 1132
1071 1132 1131
1131 1132 1192
1131 1192 1191
1191 1192 52
1191 52 51
52 53 113
52 113 112
112 113 173
112 173 172
172 173 233
172 233 232
232 233 293
232 293 292
292 293 353
292 353 352
352 353 413
352 413 412
412 413 473
412 473 472
472 473 533
472 533 532
532 533 593
532 593 592
592 593 653
592 653 652
652 653 713
652 713 712
712 713 773
712 773 772
772 773 833
772 833 832
832 833 893
832 893 892
892 893 953
892 953 952
952 953 1013
952 1013 1012
1012 1013 1073
1012 1073 1072
1072 1073 1133
1072 1133 1132
1132 1133 1193
1132 1193 1192
1192 1193 53
1192 53 52
53 54 114
53 114 113
113 114 174
113 174 173
173 174 234
173 234 233
233 234 294
233 294 293
293 294 354
293 354 353
353 354 414
353 414 413
413 414 474
413 474 473
473 474 534
473 534 533
533 534 594
533 594 593
593 594 654
593 654 653
653 654 714
653 714 713
713 714 774
713 774 773
773 774 834
773 834 833
833 834 894
833 894 893
893 894 954
893 954 953
953 954 1014
953 1014 1013
1013 1014 1074
1013 1074 1073
1073 1074 1134
1073 1134 1133
1133 1134 1194
1133 1194 1193
1193 1194 54
1193 54 53
54 55 115
54 115 114
114 115 175
114 175 174
174 175 235
174 235 234
234 235 295
234 295 294
294 295 355
294 355 354
354 355 415
354 415 414
414 415 475
414 475 474
474 475 535
474 535 534
534 535 595
534 595 594
594 595 655
594 655 654
654 655 715
654 715 714
714 715 775
714 775 774
774 775 835
774 835 834
834 835 895
834 895 894
894 895 955
894 955 954
954 955 1015
954 1015 1014
1014 1015 1075
1014 1075 1074
1074 1075 1135
1074 1135 1134
1134 1135 1195
1134 1195 1194
1194 1195 55
1194 55 54
55 56 116
55 116 115
115 116 176
115 176 175
175 176 236
175 236 235
235 236 296
235 296 295
295 296 356
295 356 355
355 356 416
355 416 415
415 416 476
415 476 475
475 476 536
475 536 535
535 536 596
535 596 595
595 596 656
595 656 655
655 656 716
655 716 715
715 716 776
715 776 775
775 776 836
775 836 835
835 836 896
835 896 895
895 896 956
895 956 955
955 956 1016
955 1016 1015
1015 1016 1076
1015 1076 1075
1075 1076 1136
1075 1136 1135
1135 1136 1196
1135 1196 1195
1195 1196 56
1195 56 55
56 57 117
56 117 116
116 117 177
116 177 176
176 177 237
176 237 236
236 237 297
236 297 296
296 297 357
296 357 356
356 357 417
356 417 416
416 417 477
416 477 476
476 477 537
476 537 536
536 537 597
536 597 596
596 597 657
596 657 656
656 657 717
656 717 716
716 717 777
716 777 776
776 777 837
776 837 836
836 837 897
836 897 896
896 897 957
896 957 956
956 957 1017
956 1017 1016
1016 1017 1077
1016 1077 1076
1076 1077 1137
1076 1137 1136
1136 1137 1197
1136 1197 1196
1196 1197 57
1196 57 56
57 58 118
57 118 117
117 118 178
117 178 177
177 178 238
177 238 237
237 238 298
237 298 297
297 298 358
297 358 357
357 358 418
357 418 417
417 418 478
417 478 477
477 478 538
477 538 537
537 538 598
537 598 597
597 598 658
597 658 657
657 658 718
657 718 717
717 718 778
717 778 777
777 778 838
777 838 837
837 838 898
837 898 897
897 898 958
897 958 957
957 958 1018
957 1018 1017
1017 1018 1078
1017 1078 1077
1077 1078 1138
1077 1138 1137
1137 1138 1198
1137 1198 1197
1197 1198 58
1197 58 57
58 59 119
58 119 118
118 119 179
118 179 178
178 179 239
178 239 238
238 239 299
238 299 298
298 299 359
298 359 358
358 359 419
358 419 418
418 419 479
418 479 478
478 479 539
478 539 538
538 539 599
538 599 598
598 599 659
598 659 658
658 659 719
658 719 718
718 719 779
718 779 778
778 779 839
778 839 838
838 839 899
838 899 898
898 899 959
898 959 958
958 959 1019
958 1019 1018
1018 1019 1079
1018 1079 1078
1078 1079 1139
1078 1139 1138
1138 1139 1199
1138 1199 1198
1198 1199 59
1198 59 58
59 0 60
59 60 119
119 60 120
119 120 179
179 120 180
179 180 239
239 180 240
239 240 299
299 240 300
299 300 359
359 300 360
359 360 419
419 360 420
419 420 479
479 420 480
479 480 539
539 480 540
539 540 599
599 540 600
599 600 659
659 600 660
659 660 719
719 660 720
719 720 779
779 720 780
779 780 839
839 780 840
839 840 899
899 840 900
899 900 959
959 900 960
959 960 1019
1019 960 1020
1019 1020 1079
1079 1020 1080
1079 1080 1139
1139 1080 1140
1139 1140 1199
1199 1140 0
1199 0 59
